1_female_25, 34, 2, 1, 2
1_female_25, 34, 2, 1, 1
1_female_25, 34, 2, 6, 2
1_female_25, 34, 2, 5, 2
1_female_25, 34, 2, 4, 1
1_female_25, 34, 2, 5, 2
1_female_25, 34, 2, 4, 2
1_female_25, 34, 2, 3, 1
1_female_25, 34, 2, 23, 3
1_female_25, 34, 2, 28, 3
1_female_25, 34, 2, 38, 4
1_female_25, 37, 4, 1, 1
1_female_25, 37, 4, 6, 1
1_female_25, 37, 4, 11, 2
1_female_25, 37, 4, 10, 2
1_female_25, 37, 4, 9, 2
1_female_25, 37, 4, 8, 2
1_female_25, 37, 4, 7, 2
1_female_25, 37, 4, 6, 1
1_female_25, 37, 4, 7, 2
1_female_25, 37, 4, 6, 2
1_female_25, 37, 4, 5, 1
1_female_25, 37, 4, 6, 1
1_female_25, 37, 4, 7, 2
1_female_25, 37, 4, 32, 3
1_female_25, 37, 4, 47, 3
1_female_25, 37, 4, 57, 3
1_female_25, 37, 4, 72, 4
1_female_25, 36, 5, 1, 1
1_female_25, 36, 5, 6, 2
1_female_25, 36, 5, 5, 2
1_female_25, 36, 5, 4, 2
1_female_25, 36, 5, 3, 2
1_female_25, 36, 5, 2, 1
1_female_25, 36, 5, 3, 2
1_female_25, 36, 5, 2, 2
1_female_25, 36, 5, 1, 1
1_female_25, 36, 5, 2, 2
1_female_25, 36, 5, 1, 1
1_female_25, 36, 5, 11, 3
1_female_25, 36, 5, 26, 3
1_female_25, 36, 5, 36, 3
1_female_25, 36, 5, 46, 4
1_female_25, 36, 5, 41, 4
1_female_25, 36, 5, 36, 4
1_female_25, 36, 5, 31, 4
1_female_25, 36, 5, 26, 4
1_female_25, 36, 5, 21, 4
1_female_25, 36, 5, 16, 3
1_female_25, 32, 6, 1, 1
1_female_25, 32, 6, 6, 2
1_female_25, 32, 6, 5, 2
1_female_25, 32, 6, 4, 2
1_female_25, 32, 6, 3, 2
1_female_25, 32, 6, 2, 1
1_female_25, 32, 6, 3, 2
1_female_25, 32, 6, 2, 2
1_female_25, 32, 6, 1, 1
1_female_25, 32, 6, 2, 2
1_female_25, 32, 6, 12, 3
1_female_25, 32, 6, 27, 4
1_female_25, 32, 6, 22, 4
1_female_25, 32, 6, 17, 4
1_female_25, 32, 6, 12, 3
1_female_25, 32, 6, 13, 3
1_female_25, 32, 6, 14, 3
1_female_25, 32, 6, 15, 3
1_female_25, 32, 6, 16, 3
1_female_25, 32, 6, 17, 3
1_female_25, 32, 6, 18, 3
1_female_25, 32, 6, 19, 3
1_female_25, 32, 6, 20, 3
1_female_25, 32, 6, 21, 3
1_female_25, 32, 6, 22, 4
1_female_25, 32, 6, 23, 3
1_female_25, 32, 6, 24, 3
1_female_25, 32, 6, 25, 3
1_female_25, 32, 6, 26, 3
1_female_25, 32, 6, 27, 3
1_female_25, 32, 6, 31, 4
1_female_25, 32, 6, 31, 4
1_female_25, 32, 6, 30, 4
1_female_25, 32, 6, 29, 3
1_female_25, 32, 6, 30, 4
1_female_25, 25, 1, 1, 1
1_female_25, 25, 1, 6, 1
1_female_25, 25, 1, 11, 1
1_female_25, 25, 1, 16, 2
1_female_25, 25, 1, 15, 2
1_female_25, 25, 1, 14, 2
1_female_25, 25, 1, 13, 2
1_female_25, 25, 1, 12, 2
1_female_25, 25, 1, 11, 2
1_female_25, 25, 1, 10, 2
1_female_25, 25, 1, 9, 2
1_female_25, 25, 1, 8, 2
1_female_25, 25, 1, 7, 2
1_female_25, 25, 1, 6, 1
1_female_25, 25, 1, 7, 2
1_female_25, 25, 1, 6, 1
1_female_25, 25, 1, 7, 1
1_female_25, 25, 1, 8, 2
1_female_25, 25, 1, 7, 2
1_female_25, 25, 1, 6, 1
1_female_25, 25, 1, 16, 3
1_female_25, 25, 1, 26, 3
1_female_25, 25, 1, 46, 4
1_female_25, 25, 1, 36, 4
1_female_25, 25, 1, 26, 4
1_female_25, 25, 1, 16, 3
1_female_25, 25, 1, 21, 3
1_female_25, 25, 1, 26, 3
1_female_25, 25, 1, 31, 3
1_female_25, 25, 1, 36, 3
1_female_25, 25, 1, 41, 3
1_female_25, 25, 1, 46, 4
1_female_25, 32, 3, 1, 1
1_female_25, 32, 3, 6, 2
1_female_25, 32, 3, 5, 2
1_female_25, 32, 3, 4, 2
1_female_25, 32, 3, 3, 2
1_female_25, 32, 3, 2, 1
1_female_25, 32, 3, 3, 2
1_female_25, 32, 3, 2, 1
1_female_25, 32, 3, 3, 2
1_female_25, 32, 3, 28, 4
1_female_25, 32, 3, 23, 4
1_female_25, 32, 3, 18, 4
1_female_25, 32, 3, 8, 4
1_female_25, 32, 3, 3, 3
1_female_25, 32, 3, 8, 3
1_female_25, 32, 3, 8, 3
1_female_25, 32, 3, 13, 3
1_female_25, 32, 3, 13, 3
1_female_25, 32, 3, 18, 4
1_female_25, 32, 3, 13, 3
1_female_25, 32, 3, 18, 4
1_female_25, 32, 3, 13, 3
1_female_25, 32, 3, 18, 3
1_female_25, 32, 3, 18, 3
1_female_25, 32, 3, 18, 3
1_female_25, 32, 3, 18, 3
1_female_25, 32, 3, 18, 4
1_female_25, 32, 3, 18, 4
1_female_25, 32, 3, 18, 4
