12_male_21, 15, 5, 1, 1
12_male_21, 15, 5, 6, 2
12_male_21, 15, 5, 5, 2
12_male_21, 15, 5, 4, 2
12_male_21, 15, 5, 3, 2
12_male_21, 15, 5, 2, 2
12_male_21, 15, 5, 1, 2
12_male_21, 15, 5, 2, 2
12_male_21, 15, 5, 1, 2
12_male_21, 15, 5, 1, 2
12_male_21, 15, 5, 11, 3
12_male_21, 15, 5, 16, 3
12_male_21, 15, 5, 26, 3
12_male_21, 15, 5, 31, 3
12_male_21, 15, 5, 36, 3
12_male_21, 15, 5, 41, 3
12_male_21, 15, 5, 46, 3
12_male_21, 15, 5, 56, 3
12_male_21, 15, 5, 56, 4
12_male_21, 10, 2, 1, 2
12_male_21, 10, 2, 1, 2
12_male_21, 10, 2, 6, 3
12_male_21, 10, 2, 11, 3
12_male_21, 10, 2, 16, 3
12_male_21, 10, 2, 21, 3
12_male_21, 10, 2, 26, 4
12_male_21, 12, 4, 1, 2
12_male_21, 12, 4, 1, 2
12_male_21, 12, 4, 1, 2
12_male_21, 12, 4, 6, 3
12_male_21, 12, 4, 11, 3
12_male_21, 12, 4, 16, 3
12_male_21, 12, 4, 21, 3
12_male_21, 12, 4, 31, 3
12_male_21, 12, 4, 31, 3
12_male_21, 12, 4, 36, 4
12_male_21, 10, 3, 1, 2
12_male_21, 10, 3, 6, 3
12_male_21, 10, 3, 11, 3
12_male_21, 10, 3, 16, 3
12_male_21, 10, 3, 21, 3
12_male_21, 10, 3, 26, 3
12_male_21, 10, 3, 31, 3
12_male_21, 10, 3, 36, 3
12_male_21, 10, 3, 36, 3
12_male_21, 10, 3, 46, 4
12_male_21, 10, 1, 1, 2
12_male_21, 10, 1, 6, 3
12_male_21, 10, 1, 11, 3
12_male_21, 10, 1, 21, 3
12_male_21, 10, 1, 31, 3
12_male_21, 10, 1, 41, 3
12_male_21, 10, 1, 46, 3
12_male_21, 10, 1, 51, 3
12_male_21, 10, 1, 56, 3
12_male_21, 10, 1, 61, 3
12_male_21, 10, 1, 66, 3
12_male_21, 10, 1, 71, 3
12_male_21, 10, 1, 76, 3
12_male_21, 10, 1, 81, 4
12_male_21, 10, 6, 1, 2
12_male_21, 10, 6, 6, 3
12_male_21, 10, 6, 16, 3
12_male_21, 10, 6, 21, 3
12_male_21, 10, 6, 26, 4
