14_male_23, 39, 3, 1, 1
14_male_23, 39, 3, 6, 2
14_male_23, 39, 3, 6, 2
14_male_23, 39, 3, 5, 2
14_male_23, 39, 3, 4, 2
14_male_23, 39, 3, 3, 2
14_male_23, 39, 3, 2, 1
14_male_23, 39, 3, 3, 2
14_male_23, 39, 3, 2, 1
14_male_23, 39, 3, 2, 1
14_male_23, 39, 3, 3, 2
14_male_23, 39, 3, 8, 3
14_male_23, 39, 3, 13, 3
14_male_23, 39, 3, 13, 3
14_male_23, 39, 3, 14, 3
14_male_23, 39, 3, 16, 4
14_male_23, 32, 2, 1, 1
14_male_23, 32, 2, 6, 1
14_male_23, 32, 2, 11, 1
14_male_23, 32, 2, 16, 2
14_male_23, 32, 2, 16, 2
14_male_23, 32, 2, 15, 2
14_male_23, 32, 2, 14, 2
14_male_23, 32, 2, 13, 2
14_male_23, 32, 2, 12, 2
14_male_23, 32, 2, 11, 1
14_male_23, 32, 2, 10, 1
14_male_23, 32, 2, 11, 1
14_male_23, 32, 2, 12, 2
14_male_23, 32, 2, 13, 2
14_male_23, 32, 2, 12, 2
14_male_23, 32, 2, 11, 1
14_male_23, 32, 2, 11, 1
14_male_23, 32, 2, 12, 2
14_male_23, 32, 2, 13, 2
14_male_23, 32, 2, 12, 2
14_male_23, 32, 2, 11, 1
14_male_23, 32, 2, 12, 2
14_male_23, 32, 2, 13, 2
14_male_23, 32, 2, 18, 3
14_male_23, 32, 2, 23, 4
14_male_23, 32, 2, 23, 4
14_male_23, 32, 2, 23, 4
14_male_23, 32, 5, 1, 1
14_male_23, 32, 5, 6, 2
14_male_23, 32, 5, 5, 2
14_male_23, 32, 5, 4, 1
14_male_23, 32, 5, 5, 2
14_male_23, 32, 5, 4, 1
14_male_23, 32, 5, 5, 2
14_male_23, 32, 5, 5, 2
14_male_23, 32, 5, 4, 1
14_male_23, 32, 5, 5, 2
14_male_23, 32, 5, 4, 1
14_male_23, 32, 5, 5, 2
14_male_23, 32, 5, 10, 3
14_male_23, 32, 5, 15, 3
14_male_23, 32, 5, 20, 3
14_male_23, 32, 5, 25, 3
14_male_23, 32, 5, 30, 4
14_male_23, 36, 6, 1, 1
14_male_23, 36, 6, 1, 1
14_male_23, 36, 6, 6, 2
14_male_23, 36, 6, 5, 2
14_male_23, 36, 6, 4, 2
14_male_23, 36, 6, 3, 2
14_male_23, 36, 6, 2, 2
14_male_23, 36, 6, 1, 1
14_male_23, 36, 6, 2, 2
14_male_23, 36, 6, 3, 2
14_male_23, 36, 6, 1, 1
14_male_23, 36, 6, 2, 2
14_male_23, 36, 6, 1, 1
14_male_23, 36, 6, 2, 2
14_male_23, 36, 6, 1, 1
14_male_23, 36, 6, 2, 2
14_male_23, 36, 6, 3, 2
14_male_23, 36, 6, 1, 1
14_male_23, 36, 6, 2, 2
14_male_23, 36, 6, 8, 3
14_male_23, 36, 6, 13, 3
14_male_23, 36, 6, 18, 4
14_male_23, 36, 6, 18, 4
14_male_23, 39, 4, 1, 1
14_male_23, 39, 4, 6, 1
14_male_23, 39, 4, 11, 2
14_male_23, 39, 4, 10, 2
14_male_23, 39, 4, 9, 2
14_male_23, 39, 4, 8, 2
14_male_23, 39, 4, 7, 2
14_male_23, 39, 4, 6, 1
14_male_23, 39, 4, 6, 1
14_male_23, 39, 4, 7, 2
14_male_23, 39, 4, 6, 1
14_male_23, 39, 4, 7, 2
14_male_23, 39, 4, 6, 1
14_male_23, 39, 4, 7, 2
14_male_23, 39, 4, 12, 3
14_male_23, 39, 4, 12, 3
14_male_23, 39, 4, 17, 4
14_male_23, 32, 1, 1, 1
14_male_23, 32, 1, 6, 2
14_male_23, 32, 1, 5, 2
14_male_23, 32, 1, 4, 2
14_male_23, 32, 1, 3, 2
14_male_23, 32, 1, 2, 1
14_male_23, 32, 1, 3, 2
14_male_23, 32, 1, 2, 1
14_male_23, 32, 1, 3, 2
14_male_23, 32, 1, 2, 1
14_male_23, 32, 1, 3, 2
14_male_23, 32, 1, 8, 3
14_male_23, 32, 1, 13, 3
14_male_23, 32, 1, 13, 3
14_male_23, 32, 1, 18, 4
