15_female, 23, 1, 1, 1
15_female, 23, 1, 6, 2
15_female, 23, 1, 5, 2
15_female, 23, 1, 4, 2
15_female, 23, 1, 3, 2
15_female, 23, 1, 2, 1
15_female, 23, 1, 2, 1
15_female, 23, 1, 3, 2
15_female, 23, 1, 2, 1
15_female, 23, 1, 3, 2
15_female, 23, 1, 4, 3
15_female, 23, 1, 9, 3
15_female, 23, 1, 14, 3
15_female, 23, 1, 19, 4
15_female_23, 36, 3, 1, 1
15_female_23, 36, 3, 6, 2
15_female_23, 36, 3, 5, 2
15_female_23, 36, 3, 4, 2
15_female_23, 36, 3, 3, 2
15_female_23, 36, 3, 2, 1
15_female_23, 36, 3, 3, 2
15_female_23, 36, 3, 2, 1
15_female_23, 36, 3, 3, 2
15_female_23, 36, 3, 3, 2
15_female_23, 36, 3, 8, 3
15_female_23, 36, 3, 13, 3
15_female_23, 36, 3, 18, 3
15_female_23, 36, 3, 23, 3
15_female_23, 36, 3, 28, 3
15_female_23, 36, 3, 33, 4
15_female_23, 25, 4, 1, 1
15_female_23, 25, 4, 6, 2
15_female_23, 25, 4, 5, 2
15_female_23, 25, 4, 4, 2
15_female_23, 25, 4, 3, 2
15_female_23, 25, 4, 2, 1
15_female_23, 25, 4, 3, 2
15_female_23, 25, 4, 2, 1
15_female_23, 25, 4, 3, 2
15_female_23, 25, 4, 8, 3
15_female_23, 25, 4, 13, 3
15_female_23, 25, 4, 18, 3
15_female_23, 25, 4, 23, 3
15_female_23, 25, 4, 28, 3
15_female_23, 25, 4, 33, 3
15_female_23, 25, 4, 38, 3
15_female_23, 25, 4, 43, 4
15_female_23, 36, 5, 1, 1
15_female_23, 36, 5, 6, 1
15_female_23, 36, 5, 11, 2
15_female_23, 36, 5, 10, 2
15_female_23, 36, 5, 9, 2
15_female_23, 36, 5, 8, 2
15_female_23, 36, 5, 7, 2
15_female_23, 36, 5, 7, 2
15_female_23, 36, 5, 6, 1
15_female_23, 36, 5, 6, 1
15_female_23, 36, 5, 7, 2
15_female_23, 36, 5, 6, 1
15_female_23, 36, 5, 7, 2
15_female_23, 36, 5, 12, 3
15_female_23, 36, 5, 17, 3
15_female_23, 36, 5, 22, 3
15_female_23, 36, 5, 27, 3
15_female_23, 36, 5, 32, 3
15_female_23, 36, 5, 37, 4
15_female_23, 41, 6, 1, 1
15_female_23, 41, 6, 6, 2
15_female_23, 41, 6, 5, 2
15_female_23, 41, 6, 4, 1
15_female_23, 41, 6, 5, 2
15_female_23, 41, 6, 4, 1
15_female_23, 41, 6, 5, 2
15_female_23, 41, 6, 4, 1
15_female_23, 41, 6, 5, 2
15_female_23, 41, 6, 5, 2
15_female_23, 41, 6, 10, 3
15_female_23, 41, 6, 15, 3
15_female_23, 41, 6, 20, 3
15_female_23, 41, 6, 25, 3
15_female_23, 41, 6, 30, 3
15_female_23, 41, 6, 35, 3
15_female_23, 41, 6, 40, 4
15_female_23, 31, 2, 1, 1
15_female_23, 31, 2, 6, 1
15_female_23, 31, 2, 7, 2
15_female_23, 31, 2, 7, 2
15_female_23, 31, 2, 12, 2
15_female_23, 31, 2, 11, 2
15_female_23, 31, 2, 10, 2
15_female_23, 31, 2, 9, 2
15_female_23, 31, 2, 8, 2
15_female_23, 31, 2, 7, 2
15_female_23, 31, 2, 7, 2
15_female_23, 31, 2, 6, 1
15_female_23, 31, 2, 7, 2
15_female_23, 31, 2, 6, 1
15_female_23, 31, 2, 7, 2
15_female_23, 31, 2, 12, 3
15_female_23, 31, 2, 17, 3
15_female_23, 31, 2, 22, 3
15_female_23, 31, 2, 27, 3
15_female_23, 31, 2, 32, 3
15_female_23, 31, 2, 37, 3
15_female_23, 31, 2, 42, 4
