16_female_24, 39, 1, 1, 1
16_female_24, 39, 1, 6, 2
16_female_24, 39, 1, 6, 2
16_female_24, 39, 1, 5, 2
16_female_24, 39, 1, 4, 2
16_female_24, 39, 1, 3, 2
16_female_24, 39, 1, 2, 2
16_female_24, 39, 1, 2, 2
16_female_24, 39, 1, 1, 1
16_female_24, 39, 1, 1, 1
16_female_24, 39, 1, 1, 1
16_female_24, 39, 1, 2, 2
16_female_24, 39, 1, 2, 2
16_female_24, 39, 1, 2, 2
16_female_24, 39, 1, 1, 1
16_female_24, 39, 1, 2, 2
16_female_24, 39, 1, 7, 3
16_female_24, 39, 1, 12, 3
16_female_24, 39, 1, 17, 3
16_female_24, 39, 1, 22, 3
16_female_24, 39, 1, 22, 3
16_female_24, 39, 1, 27, 3
16_female_24, 39, 1, 32, 3
16_female_24, 39, 1, 37, 3
16_female_24, 39, 1, 42, 3
16_female_24, 39, 1, 47, 3
16_female_24, 39, 1, 52, 3
16_female_24, 39, 1, 57, 3
16_female_24, 39, 1, 62, 3
16_female_24, 39, 1, 67, 3
16_female_24, 39, 1, 72, 3
16_female_24, 39, 1, 77, 3
16_female_24, 39, 1, 82, 3
16_female_24, 39, 1, 87, 3
16_female_24, 39, 1, 112, 3
16_female_24, 39, 1, 117, 3
16_female_24, 39, 1, 122, 3
16_female_24, 39, 1, 127, 3
16_female_24, 39, 1, 132, 3
16_female_24, 39, 1, 147, 3
16_female_24, 39, 1, 152, 3
16_female_24, 39, 1, 157, 3
16_female_24, 39, 1, 162, 3
16_female_24, 39, 1, 167, 3
16_female_24, 39, 1, 177, 3
16_female_24, 39, 1, 182, 3
16_female_24, 39, 1, 187, 3
16_female_24, 39, 1, 197, 3
16_female_24, 39, 1, 200, 3
16_female_24, 35, 2, 1, 1
16_female_24, 35, 2, 6, 2
16_female_24, 35, 2, 5, 2
16_female_24, 35, 2, 4, 2
16_female_24, 35, 2, 3, 2
16_female_24, 35, 2, 2, 2
16_female_24, 35, 2, 1, 1
16_female_24, 35, 2, 2, 2
16_female_24, 35, 2, 2, 2
16_female_24, 35, 2, 1, 1
16_female_24, 35, 2, 2, 2
16_female_24, 35, 2, 2, 3
16_female_24, 35, 2, 7, 3
16_female_24, 35, 2, 12, 3
16_female_24, 35, 2, 17, 3
16_female_24, 35, 2, 22, 3
16_female_24, 35, 2, 27, 3
16_female_24, 35, 2, 32, 3
16_female_24, 35, 2, 37, 3
16_female_24, 35, 2, 42, 3
16_female_24, 35, 2, 47, 3
16_female_24, 35, 2, 52, 3
16_female_24, 35, 2, 57, 4
16_female_24, 36, 3, 1, 1
16_female_24, 36, 3, 2, 1
16_female_24, 36, 3, 7, 2
16_female_24, 36, 3, 6, 2
16_female_24, 36, 3, 5, 2
16_female_24, 36, 3, 4, 2
16_female_24, 36, 3, 3, 2
16_female_24, 36, 3, 2, 2
16_female_24, 36, 3, 1, 2
16_female_24, 36, 3, 1, 2
16_female_24, 36, 3, 1, 2
16_female_24, 36, 3, 6, 3
16_female_24, 36, 3, 11, 3
16_female_24, 36, 3, 16, 3
16_female_24, 36, 3, 21, 3
16_female_24, 36, 3, 26, 3
16_female_24, 36, 3, 31, 3
16_female_24, 36, 3, 41, 3
16_female_24, 36, 3, 46, 3
16_female_24, 36, 3, 51, 3
16_female_24, 36, 3, 61, 3
16_female_24, 36, 3, 71, 3
16_female_24, 36, 3, 76, 3
16_female_24, 36, 3, 81, 3
16_female_24, 36, 3, 91, 3
16_female_24, 36, 3, 101, 3
16_female_24, 36, 3, 111, 3
16_female_24, 36, 3, 116, 3
16_female_24, 36, 3, 126, 3
16_female_24, 36, 3, 136, 3
16_female_24, 36, 3, 146, 3
16_female_24, 36, 3, 151, 3
16_female_24, 36, 3, 161, 3
16_female_24, 36, 3, 171, 3
16_female_24, 36, 3, 181, 3
16_female_24, 36, 3, 191, 3
16_female_24, 36, 3, 200, 3
16_female_24, 32, 4, 1, 1
16_female_24, 32, 4, 6, 2
16_female_24, 32, 4, 5, 2
16_female_24, 32, 4, 4, 2
16_female_24, 32, 4, 3, 2
16_female_24, 32, 4, 2, 2
16_female_24, 32, 4, 1, 1
16_female_24, 32, 4, 2, 1
16_female_24, 32, 4, 3, 2
16_female_24, 32, 4, 2, 1
16_female_24, 32, 4, 3, 2
16_female_24, 32, 4, 3, 2
16_female_24, 32, 4, 2, 1
16_female_24, 32, 4, 3, 3
16_female_24, 32, 4, 8, 3
16_female_24, 32, 4, 13, 3
16_female_24, 32, 4, 18, 3
16_female_24, 32, 4, 23, 3
16_female_24, 32, 4, 28, 3
16_female_24, 32, 4, 33, 3
16_female_24, 32, 4, 38, 3
16_female_24, 32, 4, 43, 3
16_female_24, 32, 4, 48, 3
16_female_24, 32, 4, 58, 3
16_female_24, 32, 4, 73, 3
16_female_24, 32, 4, 83, 3
16_female_24, 32, 4, 93, 3
16_female_24, 32, 4, 108, 3
16_female_24, 32, 4, 118, 3
16_female_24, 32, 4, 128, 3
16_female_24, 32, 4, 138, 3
16_female_24, 32, 4, 148, 3
16_female_24, 32, 4, 158, 3
16_female_24, 32, 4, 168, 3
16_female_24, 32, 4, 178, 3
16_female_24, 32, 4, 193, 3
16_female_24, 32, 4, 200, 3
16_female_24, 21, 5, 1, 1
16_female_24, 21, 5, 6, 2
16_female_24, 21, 5, 5, 2
16_female_24, 21, 5, 4, 2
16_female_24, 21, 5, 3, 1
16_female_24, 21, 5, 4, 2
16_female_24, 21, 5, 3, 1
16_female_24, 21, 5, 4, 2
16_female_24, 21, 5, 4, 2
16_female_24, 21, 5, 4, 2
16_female_24, 21, 5, 3, 1
16_female_24, 21, 5, 4, 2
16_female_24, 21, 5, 4, 3
16_female_24, 21, 5, 9, 3
16_female_24, 21, 5, 14, 3
16_female_24, 21, 5, 24, 3
16_female_24, 21, 5, 34, 3
16_female_24, 21, 5, 44, 3
16_female_24, 21, 5, 49, 3
16_female_24, 21, 5, 54, 3
16_female_24, 21, 5, 64, 3
16_female_24, 21, 5, 69, 3
16_female_24, 21, 5, 74, 3
16_female_24, 21, 5, 74, 3
16_female_24, 21, 5, 79, 3
16_female_24, 21, 5, 94, 3
16_female_24, 21, 5, 104, 3
16_female_24, 21, 5, 114, 3
16_female_24, 21, 5, 124, 3
16_female_24, 21, 5, 129, 3
16_female_24, 21, 5, 139, 3
16_female_24, 21, 5, 149, 3
16_female_24, 21, 5, 154, 3
16_female_24, 21, 5, 164, 3
16_female_24, 21, 5, 169, 3
16_female_24, 21, 5, 174, 3
16_female_24, 21, 5, 174, 3
16_female_24, 21, 5, 184, 3
16_female_24, 21, 5, 194, 3
16_female_24, 21, 5, 200, 3
16_female_24, 60, 6, 1, 2
16_female_24, 60, 6, 1, 2
16_female_24, 60, 6, 1, 2
16_female_24, 60, 6, 1, 2
16_female_24, 60, 6, 1, 2
16_female_24, 60, 6, 6, 3
16_female_24, 60, 6, 6, 3
16_female_24, 60, 6, 11, 3
16_female_24, 60, 6, 16, 3
16_female_24, 60, 6, 21, 3
16_female_24, 60, 6, 26, 3
16_female_24, 60, 6, 31, 3
16_female_24, 60, 6, 36, 3
16_female_24, 60, 6, 41, 3
16_female_24, 60, 6, 46, 3
16_female_24, 60, 6, 51, 3
16_female_24, 60, 6, 56, 3
16_female_24, 60, 6, 66, 3
16_female_24, 60, 6, 71, 3
16_female_24, 60, 6, 76, 3
16_female_24, 60, 6, 81, 3
16_female_24, 60, 6, 91, 3
16_female_24, 60, 6, 101, 3
16_female_24, 60, 6, 111, 3
16_female_24, 60, 6, 126, 3
16_female_24, 60, 6, 131, 3
16_female_24, 60, 6, 146, 3
16_female_24, 60, 6, 151, 3
16_female_24, 60, 6, 156, 3
16_female_24, 60, 6, 161, 3
16_female_24, 60, 6, 166, 3
16_female_24, 60, 6, 181, 3
16_female_24, 60, 6, 186, 3
16_female_24, 60, 6, 191, 3
16_female_24, 60, 6, 200, 3
16_female_24, 60, 6, 200, 3
