17_male_23, 60, 4, 1, 1
17_male_23, 60, 4, 6, 1
17_male_23, 60, 4, 6, 1
17_male_23, 60, 4, 11, 2
17_male_23, 60, 4, 10, 2
17_male_23, 60, 4, 9, 2
17_male_23, 60, 4, 8, 2
17_male_23, 60, 4, 7, 2
17_male_23, 60, 4, 7, 2
17_male_23, 60, 4, 6, 1
17_male_23, 60, 4, 7, 2
17_male_23, 60, 4, 6, 1
17_male_23, 60, 4, 7, 2
17_male_23, 60, 4, 6, 1
17_male_23, 60, 4, 7, 3
17_male_23, 60, 4, 12, 3
17_male_23, 60, 4, 17, 3
17_male_23, 60, 4, 22, 3
17_male_23, 60, 4, 27, 3
17_male_23, 60, 4, 32, 3
17_male_23, 60, 4, 37, 3
17_male_23, 60, 4, 42, 3
17_male_23, 60, 4, 47, 3
17_male_23, 60, 4, 52, 3
17_male_23, 60, 4, 57, 4
17_male_23, 48, 5, 1, 1
17_male_23, 48, 5, 6, 2
17_male_23, 48, 5, 5, 1
17_male_23, 48, 5, 6, 2
17_male_23, 48, 5, 5, 1
17_male_23, 48, 5, 6, 2
17_male_23, 48, 5, 11, 3
17_male_23, 48, 5, 16, 3
17_male_23, 48, 5, 21, 3
17_male_23, 48, 5, 26, 3
17_male_23, 48, 5, 36, 3
17_male_23, 48, 5, 46, 3
17_male_23, 48, 5, 51, 3
17_male_23, 48, 5, 56, 3
17_male_23, 48, 5, 61, 3
17_male_23, 48, 5, 61, 3
17_male_23, 48, 5, 66, 4
17_male_23, 48, 1, 1, 1
17_male_23, 48, 1, 1, 1
17_male_23, 48, 1, 6, 2
17_male_23, 48, 1, 6, 2
17_male_23, 48, 1, 5, 2
17_male_23, 48, 1, 4, 2
17_male_23, 48, 1, 3, 1
17_male_23, 48, 1, 4, 2
17_male_23, 48, 1, 4, 2
17_male_23, 48, 1, 3, 1
17_male_23, 48, 1, 4, 2
17_male_23, 48, 1, 4, 2
17_male_23, 48, 1, 9, 3
17_male_23, 48, 1, 14, 3
17_male_23, 48, 1, 19, 3
17_male_23, 48, 1, 19, 3
17_male_23, 48, 1, 24, 3
17_male_23, 48, 1, 29, 3
17_male_23, 48, 1, 34, 3
17_male_23, 48, 1, 39, 4
17_male_23, 41, 3, 1, 1
17_male_23, 41, 3, 6, 2
17_male_23, 41, 3, 5, 2
17_male_23, 41, 3, 4, 2
17_male_23, 41, 3, 3, 1
17_male_23, 41, 3, 4, 2
17_male_23, 41, 3, 3, 1
17_male_23, 41, 3, 4, 2
17_male_23, 41, 3, 4, 3
17_male_23, 41, 3, 9, 3
17_male_23, 41, 3, 14, 3
17_male_23, 41, 3, 19, 3
17_male_23, 41, 3, 24, 3
17_male_23, 41, 3, 29, 3
17_male_23, 41, 3, 34, 3
17_male_23, 41, 3, 39, 3
17_male_23, 41, 3, 44, 3
17_male_23, 41, 3, 49, 4
17_male_23, 38, 2, 1, 1
17_male_23, 38, 2, 6, 2
17_male_23, 38, 2, 5, 2
17_male_23, 38, 2, 4, 2
17_male_23, 38, 2, 3, 2
17_male_23, 38, 2, 2, 2
17_male_23, 38, 2, 1, 1
17_male_23, 38, 2, 2, 2
17_male_23, 38, 2, 1, 1
17_male_23, 38, 2, 2, 3
17_male_23, 38, 2, 7, 3
17_male_23, 38, 2, 10, 3
17_male_23, 38, 2, 15, 3
17_male_23, 38, 2, 20, 3
17_male_23, 38, 2, 25, 3
17_male_23, 38, 2, 30, 3
17_male_23, 38, 2, 35, 3
17_male_23, 38, 2, 40, 3
17_male_23, 38, 2, 45, 4
17_male_23, 41, 6, 1, 1
17_male_23, 41, 6, 1, 1
17_male_23, 41, 6, 6, 2
17_male_23, 41, 6, 5, 2
17_male_23, 41, 6, 4, 1
17_male_23, 41, 6, 5, 2
17_male_23, 41, 6, 6, 2
17_male_23, 41, 6, 5, 1
17_male_23, 41, 6, 6, 2
17_male_23, 41, 6, 11, 3
17_male_23, 41, 6, 16, 3
17_male_23, 41, 6, 21, 3
17_male_23, 41, 6, 26, 3
17_male_23, 41, 6, 31, 3
17_male_23, 41, 6, 36, 3
17_male_23, 41, 6, 41, 3
17_male_23, 41, 6, 46, 3
17_male_23, 41, 6, 51, 3
17_male_23, 41, 6, 56, 3
17_male_23, 41, 6, 61, 3
17_male_23, 41, 6, 66, 3
17_male_23, 41, 6, 71, 3
17_male_23, 41, 6, 76, 4
