18_male_21, 10, 2, 1, 1
18_male_21, 10, 2, 6, 1
18_male_21, 10, 2, 11, 1
18_male_21, 10, 2, 16, 2
18_male_21, 10, 2, 15, 2
18_male_21, 10, 2, 14, 2
18_male_21, 10, 2, 13, 2
18_male_21, 10, 2, 12, 2
18_male_21, 10, 2, 11, 2
18_male_21, 10, 2, 10, 2
18_male_21, 10, 2, 9, 1
18_male_21, 10, 2, 10, 2
18_male_21, 10, 2, 11, 2
18_male_21, 10, 2, 10, 1
18_male_21, 10, 2, 9, 1
18_male_21, 10, 2, 10, 2
18_male_21, 10, 2, 9, 1
18_male_21, 10, 2, 10, 2
18_male_21, 10, 2, 15, 3
18_male_21, 10, 2, 20, 3
18_male_21, 10, 2, 25, 3
18_male_21, 10, 2, 30, 3
18_male_21, 10, 2, 35, 3
18_male_21, 10, 2, 40, 3
18_male_21, 10, 2, 45, 3
18_male_21, 10, 2, 50, 3
18_male_21, 10, 2, 55, 3
18_male_21, 10, 2, 60, 3
18_male_21, 10, 2, 65, 3
18_male_21, 10, 2, 70, 4
18_male_21, 10, 3, 1, 1
18_male_21, 10, 3, 6, 2
18_male_21, 10, 3, 5, 1
18_male_21, 10, 3, 6, 2
18_male_21, 10, 3, 5, 1
18_male_21, 10, 3, 6, 2
18_male_21, 10, 3, 5, 1
18_male_21, 10, 3, 11, 3
18_male_21, 10, 3, 16, 3
18_male_21, 10, 3, 21, 3
18_male_21, 10, 3, 26, 3
18_male_21, 10, 3, 31, 3
18_male_21, 10, 3, 36, 3
18_male_21, 10, 3, 41, 3
18_male_21, 10, 3, 46, 3
18_male_21, 10, 3, 51, 3
18_male_21, 10, 3, 56, 3
18_male_21, 10, 3, 61, 3
18_male_21, 10, 3, 66, 3
18_male_21, 10, 3, 71, 3
18_male_21, 10, 3, 76, 3
18_male_21, 10, 3, 81, 3
18_male_21, 10, 3, 86, 3
18_male_21, 10, 3, 91, 3
18_male_21, 10, 3, 96, 3
18_male_21, 10, 3, 101, 3
18_male_21, 10, 3, 106, 3
18_male_21, 10, 3, 111, 3
18_male_21, 10, 3, 116, 3
18_male_21, 10, 3, 121, 3
18_male_21, 10, 3, 126, 3
18_male_21, 10, 3, 131, 3
18_male_21, 10, 3, 136, 3
18_male_21, 10, 3, 141, 3
18_male_21, 10, 3, 146, 3
18_male_21, 10, 3, 156, 3
18_male_21, 10, 3, 161, 3
18_male_21, 10, 3, 166, 3
18_male_21, 10, 3, 176, 3
18_male_21, 10, 3, 181, 3
18_male_21, 10, 3, 186, 3
18_male_21, 10, 3, 191, 3
18_male_21, 10, 3, 196, 3
18_male_21, 10, 3, 200, 3
18_male_21, 10, 3, 200, 3
18_male_21, 33, 1, 1, 1
18_male_21, 33, 1, 6, 2
18_male_21, 33, 1, 5, 2
18_male_21, 33, 1, 4, 2
18_male_21, 33, 1, 3, 1
18_male_21, 33, 1, 4, 2
18_male_21, 33, 1, 3, 1
18_male_21, 33, 1, 4, 2
18_male_21, 33, 1, 4, 2
18_male_21, 33, 1, 9, 3
18_male_21, 33, 1, 14, 3
18_male_21, 33, 1, 19, 3
18_male_21, 33, 1, 24, 3
18_male_21, 33, 1, 29, 3
18_male_21, 33, 1, 34, 3
18_male_21, 33, 1, 39, 3
18_male_21, 33, 1, 44, 3
18_male_21, 33, 1, 49, 3
18_male_21, 33, 1, 54, 4
18_male_21, 10, 5, 54, 2
18_male_21, 10, 5, 1, 1
18_male_21, 10, 5, 1, 1
18_male_21, 10, 5, 6, 2
18_male_21, 10, 5, 6, 2
18_male_21, 10, 5, 5, 2
18_male_21, 10, 5, 4, 2
18_male_21, 10, 5, 3, 1
18_male_21, 10, 5, 4, 2
18_male_21, 10, 5, 3, 1
18_male_21, 10, 5, 4, 2
18_male_21, 10, 5, 4, 1
18_male_21, 10, 5, 5, 2
18_male_21, 10, 5, 10, 3
18_male_21, 10, 5, 15, 3
18_male_21, 10, 5, 15, 3
18_male_21, 10, 5, 20, 3
18_male_21, 10, 5, 25, 3
18_male_21, 10, 5, 30, 3
18_male_21, 10, 5, 35, 3
18_male_21, 10, 5, 40, 3
18_male_21, 10, 5, 45, 3
18_male_21, 10, 5, 45, 3
18_male_21, 10, 5, 50, 3
18_male_21, 10, 5, 55, 3
18_male_21, 10, 5, 60, 3
18_male_21, 10, 5, 65, 3
18_male_21, 10, 5, 70, 3
18_male_21, 10, 5, 75, 3
18_male_21, 10, 5, 75, 3
18_male_21, 10, 5, 80, 3
18_male_21, 10, 5, 85, 3
18_male_21, 10, 5, 90, 3
18_male_21, 10, 5, 95, 3
18_male_21, 10, 5, 100, 3
18_male_21, 10, 5, 105, 3
18_male_21, 10, 5, 115, 3
18_male_21, 10, 5, 125, 3
18_male_21, 10, 5, 135, 3
18_male_21, 10, 5, 145, 3
18_male_21, 10, 5, 155, 3
18_male_21, 10, 5, 165, 3
18_male_21, 10, 5, 170, 3
18_male_21, 10, 5, 180, 3
18_male_21, 10, 5, 190, 3
18_male_21, 10, 5, 200, 3
18_male_21, 26, 6, 1, 1
18_male_21, 26, 6, 6, 2
18_male_21, 26, 6, 5, 2
18_male_21, 26, 6, 4, 2
18_male_21, 26, 6, 3, 1
18_male_21, 26, 6, 4, 2
18_male_21, 26, 6, 3, 1
18_male_21, 26, 6, 4, 2
18_male_21, 26, 6, 3, 1
18_male_21, 26, 6, 4, 2
18_male_21, 26, 6, 3, 1
18_male_21, 26, 6, 4, 2
18_male_21, 26, 6, 9, 3
18_male_21, 26, 6, 14, 3
18_male_21, 26, 6, 19, 3
18_male_21, 26, 6, 24, 3
18_male_21, 26, 6, 29, 3
18_male_21, 26, 6, 34, 3
18_male_21, 26, 6, 44, 3
18_male_21, 26, 6, 59, 3
18_male_21, 26, 6, 69, 3
18_male_21, 26, 6, 89, 3
18_male_21, 26, 6, 94, 3
18_male_21, 26, 6, 104, 3
18_male_21, 26, 6, 119, 3
18_male_21, 26, 6, 129, 3
18_male_21, 26, 6, 139, 3
18_male_21, 26, 6, 149, 3
18_male_21, 26, 6, 159, 3
18_male_21, 26, 6, 169, 3
18_male_21, 26, 6, 179, 3
18_male_21, 26, 6, 189, 3
18_male_21, 26, 6, 200, 3
18_male_21, 15, 4, 1, 1
18_male_21, 15, 4, 6, 1
18_male_21, 15, 4, 11, 2
18_male_21, 15, 4, 10, 2
18_male_21, 15, 4, 9, 2
18_male_21, 15, 4, 8, 2
18_male_21, 15, 4, 7, 2
18_male_21, 15, 4, 6, 1
18_male_21, 15, 4, 7, 2
18_male_21, 15, 4, 6, 1
18_male_21, 15, 4, 7, 2
18_male_21, 15, 4, 7, 3
18_male_21, 15, 4, 12, 3
18_male_21, 15, 4, 17, 3
18_male_21, 15, 4, 27, 3
18_male_21, 15, 4, 42, 3
18_male_21, 15, 4, 57, 3
18_male_21, 15, 4, 72, 3
18_male_21, 15, 4, 87, 3
18_male_21, 15, 4, 102, 3
18_male_21, 15, 4, 117, 3
18_male_21, 15, 4, 127, 3
18_male_21, 15, 4, 142, 3
18_male_21, 15, 4, 157, 3
18_male_21, 15, 4, 167, 3
18_male_21, 15, 4, 177, 3
18_male_21, 15, 4, 182, 3
18_male_21, 15, 4, 192, 3
18_male_21, 15, 4, 200, 3
