5_male_25, 25, 5, 1, 1
5_male_25, 25, 5, 6, 2
5_male_25, 25, 5, 5, 2
5_male_25, 25, 5, 4, 2
5_male_25, 25, 5, 3, 2
5_male_25, 25, 5, 2, 1
5_male_25, 25, 5, 7, 3
5_male_25, 25, 5, 12, 3
5_male_25, 25, 5, 17, 3
5_male_25, 25, 5, 22, 4
5_male_25, 35, 6, 1, 1
5_male_25, 35, 6, 6, 1
5_male_25, 35, 6, 11, 2
5_male_25, 35, 6, 10, 2
5_male_25, 35, 6, 9, 1
5_male_25, 35, 6, 10, 1
5_male_25, 35, 6, 11, 1
5_male_25, 35, 6, 12, 2
5_male_25, 35, 6, 11, 1
5_male_25, 35, 6, 12, 2
5_male_25, 35, 6, 11, 2
5_male_25, 35, 6, 12, 2
5_male_25, 35, 6, 11, 2
5_male_25, 35, 6, 10, 1
5_male_25, 35, 6, 11, 1
5_male_25, 35, 6, 12, 2
5_male_25, 35, 6, 12, 2
5_male_25, 35, 6, 17, 3
5_male_25, 35, 6, 22, 3
5_male_25, 35, 6, 27, 3
5_male_25, 35, 6, 32, 4
5_male_25, 32, 2, 1, 1
5_male_25, 32, 2, 6, 2
5_male_25, 32, 2, 5, 2
5_male_25, 32, 2, 4, 2
5_male_25, 32, 2, 3, 1
5_male_25, 32, 2, 4, 2
5_male_25, 32, 2, 4, 2
5_male_25, 32, 2, 3, 2
5_male_25, 32, 2, 2, 2
5_male_25, 32, 2, 1, 1
5_male_25, 32, 2, 2, 2
5_male_25, 32, 2, 7, 3
5_male_25, 32, 2, 12, 3
5_male_25, 32, 2, 17, 3
5_male_25, 32, 2, 22, 4
5_male_25, 60, 1, 1, 2
5_male_25, 60, 1, 1, 2
5_male_25, 60, 1, 2, 4
5_male_25, 60, 1, 2, 4
5_male_25, 56, 4, 1, 1
5_male_25, 56, 4, 6, 1
5_male_25, 56, 4, 11, 2
5_male_25, 56, 4, 10, 2
5_male_25, 56, 4, 9, 2
5_male_25, 56, 4, 8, 2
5_male_25, 56, 4, 7, 1
5_male_25, 56, 4, 8, 2
5_male_25, 56, 4, 7, 2
5_male_25, 56, 4, 6, 1
5_male_25, 56, 4, 7, 1
5_male_25, 56, 4, 8, 2
5_male_25, 56, 4, 13, 3
5_male_25, 56, 4, 18, 3
5_male_25, 56, 4, 23, 3
5_male_25, 56, 4, 28, 4
5_male_25, 31, 3, 1, 2
5_male_25, 31, 3, 2, 2
5_male_25, 31, 3, 7, 3
5_male_25, 31, 3, 12, 4
