6_male_25, 35, 6, 1, 1
6_male_25, 35, 6, 6, 1
6_male_25, 35, 6, 11, 2
6_male_25, 35, 6, 10, 2
6_male_25, 35, 6, 9, 2
6_male_25, 35, 6, 8, 2
6_male_25, 35, 6, 7, 2
6_male_25, 35, 6, 6, 2
6_male_25, 35, 6, 5, 2
6_male_25, 35, 6, 4, 2
6_male_25, 35, 6, 3, 1
6_male_25, 35, 6, 4, 2
6_male_25, 35, 6, 3, 1
6_male_25, 35, 6, 4, 2
6_male_25, 35, 6, 3, 1
6_male_25, 35, 6, 8, 3
6_male_25, 35, 6, 13, 3
6_male_25, 35, 6, 18, 3
6_male_25, 35, 6, 23, 3
6_male_25, 35, 6, 28, 3
6_male_25, 35, 6, 33, 3
6_male_25, 35, 6, 38, 3
6_male_25, 35, 6, 43, 3
6_male_25, 35, 6, 53, 3
6_male_25, 35, 6, 68, 3
6_male_25, 35, 6, 83, 3
6_male_25, 35, 6, 93, 3
6_male_25, 35, 6, 103, 3
6_male_25, 35, 6, 113, 3
6_male_25, 35, 6, 128, 3
6_male_25, 35, 6, 138, 3
6_male_25, 35, 6, 163, 3
6_male_25, 35, 6, 188, 3
6_male_25, 35, 6, 200, 3
6_male_25, 36, 2, 1, 2
6_male_25, 36, 2, 2, 2
6_male_25, 36, 2, 22, 3
6_male_25, 36, 2, 37, 3
6_male_25, 36, 2, 52, 3
6_male_25, 36, 2, 72, 3
6_male_25, 36, 2, 87, 3
6_male_25, 36, 2, 102, 3
6_male_25, 36, 2, 142, 3
6_male_25, 36, 2, 200, 3
6_male_25, 60, 1, 1, 1
6_male_25, 60, 1, 6, 2
6_male_25, 60, 1, 5, 2
6_male_25, 60, 1, 4, 2
6_male_25, 60, 1, 3, 2
6_male_25, 60, 1, 2, 2
6_male_25, 60, 1, 1, 1
6_male_25, 60, 1, 2, 2
6_male_25, 60, 1, 1, 1
6_male_25, 60, 1, 2, 2
6_male_25, 60, 1, 2, 2
6_male_25, 60, 1, 57, 3
6_male_25, 60, 1, 82, 3
6_male_25, 60, 1, 117, 3
6_male_25, 60, 1, 152, 3
6_male_25, 60, 1, 142, 3
6_male_25, 60, 1, 147, 3
6_male_25, 60, 1, 152, 4
6_male_25, 35, 4, 1, 1
6_male_25, 35, 4, 6, 1
6_male_25, 35, 4, 6, 1
6_male_25, 35, 4, 11, 1
6_male_25, 35, 4, 16, 1
6_male_25, 35, 4, 21, 1
6_male_25, 35, 4, 26, 1
6_male_25, 35, 4, 31, 1
6_male_25, 35, 4, 36, 2
6_male_25, 35, 4, 32, 1
6_male_25, 35, 4, 33, 1
6_male_25, 35, 4, 34, 1
6_male_25, 35, 4, 35, 2
6_male_25, 35, 4, 34, 1
6_male_25, 35, 4, 35, 1
6_male_25, 35, 4, 36, 2
6_male_25, 35, 4, 35, 2
6_male_25, 35, 4, 34, 2
6_male_25, 35, 4, 33, 1
6_male_25, 35, 4, 34, 2
6_male_25, 35, 4, 34, 2
6_male_25, 35, 4, 33, 1
6_male_25, 35, 4, 34, 2
6_male_25, 35, 4, 54, 3
6_male_25, 35, 4, 64, 3
6_male_25, 35, 4, 89, 3
6_male_25, 35, 4, 104, 3
6_male_25, 35, 4, 124, 3
6_male_25, 35, 4, 144, 3
6_male_25, 35, 4, 164, 3
6_male_25, 35, 4, 194, 3
6_male_25, 35, 4, 200, 3
6_male_25, 32, 5, 1, 1
6_male_25, 32, 5, 1, 1
6_male_25, 32, 5, 6, 1
6_male_25, 32, 5, 11, 1
6_male_25, 32, 5, 16, 2
6_male_25, 32, 5, 15, 2
6_male_25, 32, 5, 14, 2
6_male_25, 32, 5, 13, 2
6_male_25, 32, 5, 12, 2
6_male_25, 32, 5, 11, 2
6_male_25, 32, 5, 10, 2
6_male_25, 32, 5, 9, 2
6_male_25, 32, 5, 8, 2
6_male_25, 32, 5, 7, 2
6_male_25, 32, 5, 6, 1
6_male_25, 32, 5, 7, 2
6_male_25, 32, 5, 6, 2
6_male_25, 32, 5, 5, 1
6_male_25, 32, 5, 6, 2
6_male_25, 32, 5, 5, 2
6_male_25, 32, 5, 4, 1
6_male_25, 32, 5, 5, 2
6_male_25, 32, 5, 4, 1
6_male_25, 32, 5, 5, 2
6_male_25, 32, 5, 5, 2
6_male_25, 32, 5, 6, 2
6_male_25, 32, 5, 41, 3
6_male_25, 32, 5, 61, 3
6_male_25, 32, 5, 86, 3
6_male_25, 32, 5, 106, 3
6_male_25, 32, 5, 136, 3
6_male_25, 32, 5, 161, 3
6_male_25, 32, 5, 191, 3
6_male_25, 32, 5, 200, 3
6_male_25, 32, 3, 4, 1
6_male_25, 41, 3, 1, 1
6_male_25, 41, 3, 1, 1
6_male_25, 41, 3, 6, 2
6_male_25, 41, 3, 5, 2
6_male_25, 41, 3, 4, 2
6_male_25, 41, 3, 3, 2
6_male_25, 41, 3, 2, 2
6_male_25, 41, 3, 1, 1
6_male_25, 41, 3, 2, 2
6_male_25, 41, 3, 1, 1
6_male_25, 41, 3, 2, 2
6_male_25, 41, 3, 22, 3
6_male_25, 41, 3, 37, 3
6_male_25, 41, 3, 52, 3
6_male_25, 41, 3, 72, 3
6_male_25, 41, 3, 102, 3
6_male_25, 41, 3, 102, 3
6_male_25, 41, 3, 152, 3
6_male_25, 41, 3, 197, 3
6_male_25, 41, 3, 200, 3
