7_male_21, 15, 5, 1, 1
7_male_21, 15, 5, 6, 1
7_male_21, 15, 5, 11, 2
7_male_21, 15, 5, 10, 2
7_male_21, 15, 5, 9, 2
7_male_21, 15, 5, 8, 2
7_male_21, 15, 5, 7, 2
7_male_21, 15, 5, 6, 2
7_male_21, 15, 5, 5, 2
7_male_21, 15, 5, 4, 2
7_male_21, 15, 5, 3, 1
7_male_21, 15, 5, 4, 2
7_male_21, 15, 5, 3, 1
7_male_21, 15, 5, 4, 2
7_male_21, 15, 5, 3, 1
7_male_21, 15, 5, 4, 2
7_male_21, 15, 5, 9, 3
7_male_21, 15, 5, 14, 3
7_male_21, 15, 5, 19, 3
7_male_21, 15, 5, 24, 3
7_male_21, 15, 5, 29, 3
7_male_21, 15, 5, 39, 3
7_male_21, 15, 5, 44, 3
7_male_21, 15, 5, 54, 3
7_male_21, 15, 5, 69, 3
7_male_21, 15, 5, 84, 3
7_male_21, 15, 5, 89, 3
7_male_21, 15, 5, 104, 3
7_male_21, 15, 5, 114, 3
7_male_21, 15, 5, 124, 3
7_male_21, 15, 5, 134, 3
7_male_21, 15, 5, 144, 3
7_male_21, 15, 5, 159, 3
7_male_21, 15, 5, 184, 3
7_male_21, 15, 5, 189, 3
7_male_21, 15, 5, 200, 3
7_male_21, 32, 2, 1, 1
7_male_21, 32, 2, 6, 2
7_male_21, 32, 2, 4, 2
7_male_21, 32, 2, 2, 1
7_male_21, 32, 2, 3, 1
7_male_21, 32, 2, 4, 2
7_male_21, 32, 2, 3, 1
7_male_21, 32, 2, 4, 1
7_male_21, 32, 2, 4, 2
7_male_21, 32, 2, 5, 2
7_male_21, 32, 2, 23, 3
7_male_21, 32, 2, 33, 3
7_male_21, 32, 2, 48, 3
7_male_21, 32, 2, 58, 3
7_male_21, 32, 2, 58, 3
7_male_21, 32, 2, 63, 3
7_male_21, 32, 2, 78, 3
7_male_21, 32, 2, 93, 3
7_male_21, 32, 2, 113, 3
7_male_21, 32, 2, 128, 3
7_male_21, 32, 2, 118, 4
7_male_21, 36, 4, 1, 1
7_male_21, 36, 4, 6, 1
7_male_21, 36, 4, 11, 1
7_male_21, 36, 4, 16, 1
7_male_21, 36, 4, 21, 1
7_male_21, 36, 4, 26, 2
7_male_21, 36, 4, 25, 2
7_male_21, 36, 4, 23, 2
7_male_21, 36, 4, 21, 2
7_male_21, 36, 4, 20, 2
7_male_21, 36, 4, 19, 2
7_male_21, 36, 4, 18, 1
7_male_21, 36, 4, 19, 2
7_male_21, 36, 4, 18, 2
7_male_21, 36, 4, 17, 1
7_male_21, 36, 4, 18, 2
7_male_21, 36, 4, 17, 1
7_male_21, 36, 4, 18, 2
7_male_21, 36, 4, 17, 1
7_male_21, 36, 4, 17, 2
7_male_21, 36, 4, 16, 1
7_male_21, 36, 4, 17, 2
7_male_21, 36, 4, 22, 3
7_male_21, 36, 4, 27, 3
7_male_21, 36, 4, 42, 3
7_male_21, 36, 4, 52, 3
7_male_21, 36, 4, 87, 3
7_male_21, 36, 4, 87, 3
7_male_21, 36, 4, 87, 3
7_male_21, 36, 4, 92, 3
7_male_21, 36, 4, 102, 3
7_male_21, 36, 4, 112, 3
7_male_21, 36, 4, 122, 3
7_male_21, 36, 4, 122, 3
7_male_21, 36, 4, 152, 3
7_male_21, 36, 4, 187, 3
7_male_21, 36, 4, 200, 3
7_male_21, 36, 1, 1, 1
7_male_21, 36, 1, 6, 1
7_male_21, 36, 1, 11, 2
7_male_21, 36, 1, 10, 2
7_male_21, 36, 1, 9, 2
7_male_21, 36, 1, 8, 2
7_male_21, 36, 1, 7, 1
7_male_21, 36, 1, 8, 2
7_male_21, 36, 1, 7, 2
7_male_21, 36, 1, 6, 1
7_male_21, 36, 1, 7, 2
7_male_21, 36, 1, 8, 2
7_male_21, 36, 1, 7, 1
7_male_21, 36, 1, 17, 3
7_male_21, 36, 1, 27, 3
7_male_21, 36, 1, 37, 3
7_male_21, 36, 1, 52, 3
7_male_21, 36, 1, 57, 3
7_male_21, 36, 1, 62, 3
7_male_21, 36, 1, 92, 3
7_male_21, 36, 1, 112, 3
7_male_21, 36, 1, 127, 3
7_male_21, 36, 1, 152, 3
7_male_21, 36, 1, 172, 3
7_male_21, 36, 1, 177, 3
7_male_21, 36, 1, 192, 3
7_male_21, 36, 1, 200, 3
7_male_21, 36, 1, 200, 3
7_male_21, 36, 6, 1, 1
7_male_21, 36, 6, 6, 1
7_male_21, 36, 6, 11, 1
7_male_21, 36, 6, 16, 2
7_male_21, 36, 6, 15, 2
7_male_21, 36, 6, 13, 2
7_male_21, 36, 6, 11, 2
7_male_21, 36, 6, 10, 1
7_male_21, 36, 6, 11, 1
7_male_21, 36, 6, 12, 2
7_male_21, 36, 6, 11, 1
7_male_21, 36, 6, 12, 2
7_male_21, 36, 6, 12, 3
7_male_21, 36, 6, 17, 3
7_male_21, 36, 6, 22, 3
7_male_21, 36, 6, 32, 3
7_male_21, 36, 6, 42, 3
7_male_21, 36, 6, 57, 3
7_male_21, 36, 6, 62, 4
7_male_21, 36, 6, 62, 4
7_male_21, 36, 6, 72, 4
7_male_21, 36, 6, 77, 4
7_male_21, 36, 6, 107, 4
7_male_21, 36, 6, 122, 4
7_male_21, 36, 6, 132, 4
7_male_21, 36, 6, 142, 4
7_male_21, 36, 6, 152, 4
7_male_21, 36, 6, 162, 4
7_male_21, 36, 6, 162, 4
7_male_21, 36, 6, 177, 4
7_male_21, 36, 6, 177, 4
7_male_21, 36, 6, 197, 4
7_male_21, 36, 3, 1, 1
7_male_21, 36, 3, 6, 2
7_male_21, 36, 3, 5, 2
7_male_21, 36, 3, 4, 2
7_male_21, 36, 3, 3, 2
7_male_21, 36, 3, 2, 2
7_male_21, 36, 3, 1, 1
7_male_21, 36, 3, 2, 2
7_male_21, 36, 3, 1, 1
7_male_21, 36, 3, 2, 2
7_male_21, 36, 3, 3, 2
7_male_21, 36, 3, 18, 3
7_male_21, 36, 3, 28, 3
7_male_21, 36, 3, 43, 3
7_male_21, 36, 3, 53, 4
7_male_21, 36, 3, 68, 4
7_male_21, 36, 3, 78, 4
7_male_21, 36, 3, 93, 4
7_male_21, 36, 3, 93, 4
7_male_21, 36, 3, 123, 4
7_male_21, 36, 3, 148, 4
7_male_21, 36, 3, 163, 4
7_male_21, 36, 3, 178, 4
7_male_21, 36, 3, 188, 4
7_male_21, 36, 3, 200, 4
