10_FEMALE_21, 32, 5, 1, 1
10_FEMALE_21, 32, 5, 6, 2
10_FEMALE_21, 32, 5, 5, 2
10_FEMALE_21, 32, 5, 4, 2
10_FEMALE_21, 32, 5, 3, 2
10_FEMALE_21, 32, 5, 2, 1
10_FEMALE_21, 32, 5, 3, 2
10_FEMALE_21, 32, 5, 2, 1
10_FEMALE_21, 32, 5, 3, 1
10_FEMALE_21, 32, 5, 4, 2
10_FEMALE_21, 32, 5, 3, 2
10_FEMALE_21, 32, 5, 2, 1
10_FEMALE_21, 32, 5, 3, 2
10_FEMALE_21, 32, 5, 8, 3
10_FEMALE_21, 32, 5, 13, 3
10_FEMALE_21, 32, 5, 18, 3
10_FEMALE_21, 32, 5, 23, 3
10_FEMALE_21, 32, 5, 28, 3
10_FEMALE_21, 32, 5, 33, 3
10_FEMALE_21, 32, 5, 38, 3
10_FEMALE_21, 32, 5, 43, 3
10_FEMALE_21, 32, 5, 48, 3
10_FEMALE_21, 32, 5, 53, 3
10_FEMALE_21, 32, 5, 58, 3
10_FEMALE_21, 32, 5, 63, 3
10_FEMALE_21, 32, 5, 68, 3
10_FEMALE_21, 32, 5, 73, 3
10_FEMALE_21, 32, 5, 78, 3
10_FEMALE_21, 32, 5, 83, 3
10_FEMALE_21, 32, 5, 88, 3
10_FEMALE_21, 32, 5, 93, 3
10_FEMALE_21, 32, 5, 98, 3
10_FEMALE_21, 32, 5, 103, 3
10_FEMALE_21, 32, 5, 108, 3
10_FEMALE_21, 32, 5, 113, 3
10_FEMALE_21, 32, 5, 118, 3
10_FEMALE_21, 32, 5, 118, 3
10_FEMALE_21, 32, 5, 123, 3
10_FEMALE_21, 32, 5, 128, 3
10_FEMALE_21, 32, 5, 133, 3
10_FEMALE_21, 32, 5, 138, 3
10_FEMALE_21, 32, 5, 143, 3
10_FEMALE_21, 32, 5, 148, 3
10_FEMALE_21, 32, 5, 153, 3
10_FEMALE_21, 32, 5, 158, 3
10_FEMALE_21, 32, 5, 163, 3
10_FEMALE_21, 32, 5, 168, 3
10_FEMALE_21, 32, 5, 173, 3
10_FEMALE_21, 32, 5, 178, 3
10_FEMALE_21, 32, 5, 183, 3
10_FEMALE_21, 32, 5, 188, 3
10_FEMALE_21, 32, 5, 193, 3
10_FEMALE_21, 32, 5, 198, 3
10_FEMALE_21, 32, 5, 200, 3
10_FEMALE_21, 36, 4, 1, 1
10_FEMALE_21, 36, 4, 6, 2
10_FEMALE_21, 36, 4, 5, 2
10_FEMALE_21, 36, 4, 4, 2
10_FEMALE_21, 36, 4, 3, 1
10_FEMALE_21, 36, 4, 4, 2
10_FEMALE_21, 36, 4, 3, 1
10_FEMALE_21, 36, 4, 4, 2
10_FEMALE_21, 36, 4, 3, 1
10_FEMALE_21, 36, 4, 4, 2
10_FEMALE_21, 36, 4, 3, 2
10_FEMALE_21, 36, 4, 2, 1
10_FEMALE_21, 36, 4, 3, 1
10_FEMALE_21, 36, 4, 4, 2
10_FEMALE_21, 36, 4, 19, 3
10_FEMALE_21, 36, 4, 24, 3
10_FEMALE_21, 36, 4, 39, 3
10_FEMALE_21, 36, 4, 59, 3
10_FEMALE_21, 36, 4, 79, 3
10_FEMALE_21, 36, 4, 84, 3
10_FEMALE_21, 36, 4, 109, 3
10_FEMALE_21, 36, 4, 124, 3
10_FEMALE_21, 36, 4, 139, 3
10_FEMALE_21, 36, 4, 149, 3
10_FEMALE_21, 36, 4, 159, 3
10_FEMALE_21, 36, 4, 169, 3
10_FEMALE_21, 36, 4, 179, 3
10_FEMALE_21, 36, 4, 189, 3
10_FEMALE_21, 36, 4, 194, 3
10_FEMALE_21, 36, 4, 199, 3
10_FEMALE_21, 36, 4, 200, 3
10_FEMALE_21, 32, 2, 1, 1
10_FEMALE_21, 32, 2, 6, 2
10_FEMALE_21, 32, 2, 3, 2
10_FEMALE_21, 32, 2, 2, 2
10_FEMALE_21, 32, 2, 1, 2
10_FEMALE_21, 32, 2, 1, 1
10_FEMALE_21, 32, 2, 2, 2
10_FEMALE_21, 32, 2, 1, 2
10_FEMALE_21, 32, 2, 2, 2
10_FEMALE_21, 32, 2, 1, 2
10_FEMALE_21, 32, 2, 16, 3
10_FEMALE_21, 32, 2, 21, 3
10_FEMALE_21, 32, 2, 31, 3
10_FEMALE_21, 32, 2, 46, 3
10_FEMALE_21, 32, 2, 56, 3
10_FEMALE_21, 32, 2, 71, 3
10_FEMALE_21, 32, 2, 96, 3
10_FEMALE_21, 32, 2, 111, 3
10_FEMALE_21, 32, 2, 116, 3
10_FEMALE_21, 32, 2, 116, 4
10_FEMALE_21, 32, 2, 116, 4
10_FEMALE_21, 32, 2, 116, 4
10_FEMALE_21, 32, 2, 116, 4
10_FEMALE_21, 32, 2, 116, 4
10_FEMALE_21, 32, 3, 1, 1
10_FEMALE_21, 32, 3, 6, 2
10_FEMALE_21, 32, 3, 5, 2
10_FEMALE_21, 32, 3, 4, 2
10_FEMALE_21, 32, 3, 3, 2
10_FEMALE_21, 32, 3, 2, 2
10_FEMALE_21, 32, 3, 1, 2
10_FEMALE_21, 32, 3, 2, 2
10_FEMALE_21, 32, 3, 1, 1
10_FEMALE_21, 32, 3, 2, 2
10_FEMALE_21, 32, 3, 1, 1
10_FEMALE_21, 32, 3, 2, 2
10_FEMALE_21, 32, 3, 1, 2
10_FEMALE_21, 32, 3, 6, 3
10_FEMALE_21, 32, 3, 11, 3
10_FEMALE_21, 32, 3, 16, 3
10_FEMALE_21, 32, 3, 21, 3
10_FEMALE_21, 32, 3, 26, 3
10_FEMALE_21, 32, 3, 31, 3
10_FEMALE_21, 32, 3, 36, 3
10_FEMALE_21, 32, 3, 46, 3
10_FEMALE_21, 32, 3, 71, 3
10_FEMALE_21, 32, 3, 91, 3
10_FEMALE_21, 32, 3, 101, 3
10_FEMALE_21, 32, 3, 106, 3
10_FEMALE_21, 32, 3, 126, 3
10_FEMALE_21, 32, 3, 136, 3
10_FEMALE_21, 32, 3, 146, 3
10_FEMALE_21, 32, 3, 151, 3
10_FEMALE_21, 32, 3, 176, 3
10_FEMALE_21, 32, 3, 181, 3
10_FEMALE_21, 32, 3, 200, 3
10_FEMALE_21, 36, 1, 1, 2
10_FEMALE_21, 36, 1, 1, 2
10_FEMALE_21, 36, 1, 1, 2
10_FEMALE_21, 36, 1, 1, 2
10_FEMALE_21, 36, 1, 6, 3
10_FEMALE_21, 36, 1, 11, 3
10_FEMALE_21, 36, 1, 16, 3
10_FEMALE_21, 36, 1, 21, 3
10_FEMALE_21, 36, 1, 26, 3
10_FEMALE_21, 36, 1, 31, 3
10_FEMALE_21, 36, 1, 36, 3
10_FEMALE_21, 36, 1, 41, 3
10_FEMALE_21, 36, 1, 56, 3
10_FEMALE_21, 36, 1, 61, 3
10_FEMALE_21, 36, 1, 71, 3
10_FEMALE_21, 36, 1, 86, 3
10_FEMALE_21, 36, 1, 96, 3
10_FEMALE_21, 36, 1, 106, 3
10_FEMALE_21, 36, 1, 111, 3
10_FEMALE_21, 36, 1, 116, 3
10_FEMALE_21, 36, 1, 146, 3
10_FEMALE_21, 36, 1, 151, 3
10_FEMALE_21, 36, 1, 166, 3
10_FEMALE_21, 36, 1, 171, 3
10_FEMALE_21, 36, 1, 186, 3
10_FEMALE_21, 36, 1, 196, 3
10_FEMALE_21, 36, 1, 200, 3
10_FEMALE_21, 36, 6, 1, 1
10_FEMALE_21, 36, 6, 6, 2
10_FEMALE_21, 36, 6, 1, 1
10_FEMALE_21, 36, 6, 2, 2
10_FEMALE_21, 36, 6, 2, 2
10_FEMALE_21, 36, 6, 1, 1
10_FEMALE_21, 36, 6, 2, 2
10_FEMALE_21, 36, 6, 1, 1
10_FEMALE_21, 36, 6, 2, 2
10_FEMALE_21, 36, 6, 17, 3
10_FEMALE_21, 36, 6, 22, 3
10_FEMALE_21, 36, 6, 27, 3
10_FEMALE_21, 36, 6, 37, 3
10_FEMALE_21, 36, 6, 42, 3
10_FEMALE_21, 36, 6, 52, 3
10_FEMALE_21, 36, 6, 62, 3
10_FEMALE_21, 36, 6, 67, 3
10_FEMALE_21, 36, 6, 77, 3
10_FEMALE_21, 36, 6, 87, 3
10_FEMALE_21, 36, 6, 102, 3
10_FEMALE_21, 36, 6, 112, 3
10_FEMALE_21, 36, 6, 117, 3
10_FEMALE_21, 36, 6, 127, 3
10_FEMALE_21, 36, 6, 137, 3
10_FEMALE_21, 36, 6, 147, 3
10_FEMALE_21, 36, 6, 157, 3
10_FEMALE_21, 36, 6, 167, 3
10_FEMALE_21, 36, 6, 177, 3
10_FEMALE_21, 36, 6, 192, 3
10_FEMALE_21, 36, 6, 200, 3
