13_male_23, 20, 5, 1, 1
13_male_23, 20, 5, 6, 2
13_male_23, 20, 5, 5, 2
13_male_23, 20, 5, 4, 2
13_male_23, 20, 5, 4, 2
13_male_23, 20, 5, 3, 2
13_male_23, 20, 5, 2, 1
13_male_23, 20, 5, 3, 2
13_male_23, 20, 5, 2, 1
13_male_23, 20, 5, 3, 2
13_male_23, 20, 5, 2, 1
13_male_23, 20, 5, 3, 2
13_male_23, 20, 5, 3, 3
13_male_23, 20, 5, 8, 3
13_male_23, 20, 5, 13, 3
13_male_23, 20, 5, 18, 3
13_male_23, 20, 5, 23, 3
13_male_23, 20, 5, 28, 3
13_male_23, 20, 5, 33, 3
13_male_23, 20, 5, 38, 3
13_male_23, 20, 5, 43, 3
13_male_23, 20, 5, 48, 3
13_male_23, 20, 5, 53, 3
13_male_23, 20, 5, 58, 3
13_male_23, 20, 5, 63, 3
13_male_23, 20, 5, 68, 3
13_male_23, 20, 5, 73, 3
13_male_23, 20, 5, 78, 3
13_male_23, 20, 5, 83, 3
13_male_23, 20, 5, 88, 3
13_male_23, 20, 5, 98, 3
13_male_23, 20, 5, 103, 3
13_male_23, 20, 5, 108, 3
13_male_23, 20, 5, 113, 3
13_male_23, 20, 5, 118, 3
13_male_23, 20, 5, 123, 3
13_male_23, 20, 5, 128, 3
13_male_23, 20, 5, 133, 3
13_male_23, 20, 5, 138, 3
13_male_23, 20, 5, 143, 3
13_male_23, 20, 5, 153, 3
13_male_23, 20, 5, 158, 3
13_male_23, 20, 5, 173, 3
13_male_23, 20, 5, 183, 3
13_male_23, 20, 5, 188, 3
13_male_23, 20, 5, 193, 3
13_male_23, 20, 5, 200, 3
13_male_23, 35, 2, 1, 1
13_male_23, 35, 2, 6, 2
13_male_23, 35, 2, 5, 2
13_male_23, 35, 2, 4, 2
13_male_23, 35, 2, 3, 2
13_male_23, 35, 2, 2, 2
13_male_23, 35, 2, 1, 1
13_male_23, 35, 2, 2, 1
13_male_23, 35, 2, 3, 2
13_male_23, 35, 2, 2, 2
13_male_23, 35, 2, 1, 2
13_male_23, 35, 2, 2, 1
13_male_23, 35, 2, 1, 1
13_male_23, 35, 2, 2, 1
13_male_23, 35, 2, 3, 2
13_male_23, 35, 2, 2, 2
13_male_23, 35, 2, 1, 1
13_male_23, 35, 2, 2, 2
13_male_23, 35, 2, 1, 1
13_male_23, 35, 2, 2, 2
13_male_23, 35, 2, 3, 2
13_male_23, 35, 2, 8, 3
13_male_23, 35, 2, 13, 3
13_male_23, 35, 2, 18, 3
13_male_23, 35, 2, 23, 3
13_male_23, 35, 2, 28, 3
13_male_23, 35, 2, 33, 3
13_male_23, 35, 2, 38, 3
13_male_23, 35, 2, 43, 3
13_male_23, 35, 2, 48, 3
13_male_23, 35, 2, 53, 3
13_male_23, 35, 2, 58, 3
13_male_23, 35, 2, 63, 3
13_male_23, 35, 2, 68, 3
13_male_23, 35, 2, 73, 3
13_male_23, 35, 2, 78, 3
13_male_23, 35, 2, 98, 3
13_male_23, 35, 2, 108, 3
13_male_23, 35, 2, 118, 3
13_male_23, 35, 2, 128, 3
13_male_23, 35, 2, 138, 3
13_male_23, 35, 2, 148, 3
13_male_23, 35, 2, 153, 3
13_male_23, 35, 2, 158, 3
13_male_23, 35, 2, 163, 3
13_male_23, 35, 2, 173, 3
13_male_23, 35, 2, 183, 3
13_male_23, 35, 2, 188, 3
13_male_23, 35, 2, 198, 3
13_male_23, 35, 2, 200, 3
13_male_23, 35, 3, 1, 2
13_male_23, 35, 3, 1, 2
13_male_23, 35, 3, 1, 2
13_male_23, 35, 3, 1, 2
13_male_23, 35, 3, 6, 3
13_male_23, 35, 3, 11, 3
13_male_23, 35, 3, 16, 3
13_male_23, 35, 3, 21, 3
13_male_23, 35, 3, 26, 3
13_male_23, 35, 3, 31, 3
13_male_23, 35, 3, 36, 3
13_male_23, 35, 3, 41, 3
13_male_23, 35, 3, 46, 3
13_male_23, 35, 3, 51, 3
13_male_23, 35, 3, 56, 3
13_male_23, 35, 3, 61, 3
13_male_23, 35, 3, 66, 3
13_male_23, 35, 3, 71, 3
13_male_23, 35, 3, 76, 3
13_male_23, 35, 3, 81, 3
13_male_23, 35, 3, 86, 3
13_male_23, 35, 3, 91, 3
13_male_23, 35, 3, 96, 3
13_male_23, 35, 3, 101, 3
13_male_23, 35, 3, 106, 3
13_male_23, 35, 3, 111, 3
13_male_23, 35, 3, 121, 3
13_male_23, 35, 3, 131, 3
13_male_23, 35, 3, 141, 3
13_male_23, 35, 3, 151, 3
13_male_23, 35, 3, 156, 3
13_male_23, 35, 3, 166, 3
13_male_23, 35, 3, 176, 3
13_male_23, 35, 3, 186, 3
13_male_23, 35, 3, 191, 3
13_male_23, 35, 3, 200, 3
13_male_23, 35, 4, 1, 1
13_male_23, 35, 4, 6, 1
13_male_23, 35, 4, 11, 1
13_male_23, 35, 4, 16, 2
13_male_23, 35, 4, 11, 2
13_male_23, 35, 4, 6, 1
13_male_23, 35, 4, 7, 1
13_male_23, 35, 4, 8, 1
13_male_23, 35, 4, 9, 2
13_male_23, 35, 4, 8, 1
13_male_23, 35, 4, 9, 1
13_male_23, 35, 4, 10, 1
13_male_23, 35, 4, 11, 2
13_male_23, 35, 4, 10, 2
13_male_23, 35, 4, 9, 2
13_male_23, 35, 4, 8, 2
13_male_23, 35, 4, 7, 1
13_male_23, 35, 4, 8, 2
13_male_23, 35, 4, 7, 1
13_male_23, 35, 4, 8, 1
13_male_23, 35, 4, 9, 1
13_male_23, 35, 4, 10, 2
13_male_23, 35, 4, 15, 3
13_male_23, 35, 4, 20, 3
13_male_23, 35, 4, 25, 3
13_male_23, 35, 4, 30, 3
13_male_23, 35, 4, 35, 3
13_male_23, 35, 4, 40, 3
13_male_23, 35, 4, 45, 3
13_male_23, 35, 4, 50, 3
13_male_23, 35, 4, 55, 3
13_male_23, 35, 4, 60, 3
13_male_23, 35, 4, 65, 3
13_male_23, 35, 4, 70, 3
13_male_23, 35, 4, 75, 3
13_male_23, 35, 4, 80, 3
13_male_23, 35, 4, 85, 3
13_male_23, 35, 4, 90, 3
13_male_23, 35, 4, 95, 3
13_male_23, 35, 4, 100, 3
13_male_23, 35, 4, 105, 3
13_male_23, 35, 4, 110, 3
13_male_23, 35, 4, 120, 3
13_male_23, 35, 4, 130, 3
13_male_23, 35, 4, 140, 3
13_male_23, 35, 4, 145, 3
13_male_23, 35, 4, 160, 3
13_male_23, 35, 4, 170, 3
13_male_23, 35, 4, 180, 3
13_male_23, 35, 4, 190, 3
13_male_23, 35, 4, 200, 3
13_male_23, 32, 6, 1, 2
13_male_23, 32, 6, 1, 2
13_male_23, 32, 6, 1, 2
13_male_23, 32, 6, 1, 2
13_male_23, 32, 6, 1, 2
13_male_23, 32, 6, 11, 3
13_male_23, 32, 6, 16, 3
13_male_23, 32, 6, 26, 3
13_male_23, 32, 6, 36, 3
13_male_23, 32, 6, 46, 3
13_male_23, 32, 6, 56, 3
13_male_23, 32, 6, 66, 3
13_male_23, 32, 6, 76, 3
13_male_23, 32, 6, 86, 3
13_male_23, 32, 6, 96, 3
13_male_23, 32, 6, 106, 3
13_male_23, 32, 6, 116, 3
13_male_23, 32, 6, 136, 3
13_male_23, 32, 6, 146, 3
13_male_23, 32, 6, 151, 3
13_male_23, 32, 6, 166, 3
13_male_23, 32, 6, 176, 3
13_male_23, 32, 6, 186, 3
13_male_23, 32, 6, 200, 3
13_male_23, 36, 1, 1, 2
13_male_23, 36, 1, 1, 2
13_male_23, 36, 1, 1, 2
13_male_23, 36, 1, 1, 2
13_male_23, 36, 1, 1, 2
13_male_23, 36, 1, 1, 2
13_male_23, 36, 1, 1, 2
13_male_23, 36, 1, 1, 2
13_male_23, 36, 1, 1, 2
13_male_23, 36, 1, 16, 3
13_male_23, 36, 1, 21, 3
13_male_23, 36, 1, 26, 3
13_male_23, 36, 1, 31, 3
13_male_23, 36, 1, 36, 4
13_male_23, 36, 1, 36, 4
