4_male_19, 40, 5, 1, 1
4_male_19, 40, 5, 6, 1
4_male_19, 40, 5, 11, 2
4_male_19, 40, 5, 10, 2
4_male_19, 40, 5, 9, 2
4_male_19, 40, 5, 8, 2
4_male_19, 40, 5, 7, 2
4_male_19, 40, 5, 6, 1
4_male_19, 40, 5, 7, 2
4_male_19, 40, 5, 6, 2
4_male_19, 40, 5, 5, 1
4_male_19, 40, 5, 6, 1
4_male_19, 40, 5, 7, 2
4_male_19, 40, 5, 12, 3
4_male_19, 40, 5, 17, 3
4_male_19, 40, 5, 22, 3
4_male_19, 40, 5, 27, 3
4_male_19, 40, 5, 32, 3
4_male_19, 40, 5, 37, 3
4_male_19, 40, 5, 42, 3
4_male_19, 40, 5, 47, 3
4_male_19, 40, 5, 52, 3
4_male_19, 40, 5, 57, 3
4_male_19, 40, 5, 62, 3
4_male_19, 40, 5, 67, 3
4_male_19, 40, 5, 72, 3
4_male_19, 40, 5, 77, 3
4_male_19, 40, 5, 82, 3
4_male_19, 40, 5, 97, 3
4_male_19, 40, 5, 102, 3
4_male_19, 40, 5, 122, 3
4_male_19, 40, 5, 132, 3
4_male_19, 40, 5, 142, 3
4_male_19, 40, 5, 152, 3
4_male_19, 40, 5, 167, 3
4_male_19, 40, 5, 177, 3
4_male_19, 40, 5, 187, 3
4_male_19, 40, 5, 200, 3
4_male_19, 41, 6, 1, 1
4_male_19, 41, 6, 6, 2
4_male_19, 41, 6, 5, 1
4_male_19, 41, 6, 6, 2
4_male_19, 41, 6, 5, 2
4_male_19, 41, 6, 5, 1
4_male_19, 41, 6, 6, 2
4_male_19, 41, 6, 5, 1
4_male_19, 41, 6, 6, 1
4_male_19, 41, 6, 7, 2
4_male_19, 41, 6, 17, 3
4_male_19, 41, 6, 27, 3
4_male_19, 41, 6, 42, 3
4_male_19, 41, 6, 52, 3
4_male_19, 41, 6, 62, 3
4_male_19, 41, 6, 92, 3
4_male_19, 41, 6, 117, 3
4_male_19, 41, 6, 142, 3
4_male_19, 41, 6, 162, 3
4_male_19, 41, 6, 182, 3
4_male_19, 41, 6, 200, 3
4_male_19, 35, 1, 1, 1
4_male_19, 35, 1, 6, 1
4_male_19, 35, 1, 11, 1
4_male_19, 35, 1, 16, 1
4_male_19, 35, 1, 16, 1
4_male_19, 35, 1, 21, 2
4_male_19, 35, 1, 16, 2
4_male_19, 35, 1, 11, 1
4_male_19, 35, 1, 16, 2
4_male_19, 35, 1, 11, 1
4_male_19, 35, 1, 14, 1
4_male_19, 35, 1, 16, 2
4_male_19, 35, 1, 16, 2
4_male_19, 35, 1, 15, 2
4_male_19, 35, 1, 14, 2
4_male_19, 35, 1, 13, 2
4_male_19, 35, 1, 12, 2
4_male_19, 35, 1, 11, 2
4_male_19, 35, 1, 10, 2
4_male_19, 35, 1, 9, 2
4_male_19, 35, 1, 8, 1
4_male_19, 35, 1, 9, 1
4_male_19, 35, 1, 10, 2
4_male_19, 35, 1, 9, 1
4_male_19, 35, 1, 10, 1
4_male_19, 35, 1, 11, 1
4_male_19, 35, 1, 12, 1
4_male_19, 35, 1, 13, 1
4_male_19, 35, 1, 14, 2
4_male_19, 35, 1, 13, 2
4_male_19, 35, 1, 12, 2
4_male_19, 35, 1, 11, 2
4_male_19, 35, 1, 10, 1
4_male_19, 35, 1, 11, 2
4_male_19, 35, 1, 21, 3
4_male_19, 35, 1, 36, 3
4_male_19, 35, 1, 56, 3
4_male_19, 35, 1, 81, 3
4_male_19, 35, 1, 101, 3
4_male_19, 35, 1, 151, 3
4_male_19, 35, 1, 176, 3
4_male_19, 35, 1, 200, 3
4_male_19, 32, 4, 1, 1
4_male_19, 32, 4, 6, 1
4_male_19, 32, 4, 11, 1
4_male_19, 32, 4, 11, 1
4_male_19, 32, 4, 16, 1
4_male_19, 32, 4, 21, 1
4_male_19, 32, 4, 26, 1
4_male_19, 32, 4, 31, 1
4_male_19, 32, 4, 36, 1
4_male_19, 32, 4, 51, 2
4_male_19, 32, 4, 49, 2
4_male_19, 32, 4, 49, 2
4_male_19, 32, 4, 48, 2
4_male_19, 32, 4, 47, 2
4_male_19, 32, 4, 42, 1
4_male_19, 32, 4, 47, 1
4_male_19, 32, 4, 52, 2
4_male_19, 32, 4, 47, 2
4_male_19, 32, 4, 46, 2
4_male_19, 32, 4, 41, 2
4_male_19, 32, 4, 36, 2
4_male_19, 32, 4, 31, 2
4_male_19, 32, 4, 26, 2
4_male_19, 32, 4, 21, 2
4_male_19, 32, 4, 16, 1
4_male_19, 32, 4, 21, 1
4_male_19, 32, 4, 26, 1
4_male_19, 32, 4, 31, 1
4_male_19, 32, 4, 36, 2
4_male_19, 32, 4, 31, 1
4_male_19, 32, 4, 36, 2
4_male_19, 32, 4, 91, 2
4_male_19, 32, 4, 111, 2
4_male_19, 32, 4, 131, 2
4_male_19, 32, 4, 151, 2
4_male_19, 32, 4, 176, 2
4_male_19, 32, 4, 186, 3
4_male_19, 32, 4, 200, 3
4_male_19, 36, 2, 1, 1
4_male_19, 36, 2, 1, 2
4_male_19, 36, 2, 1, 2
4_male_19, 36, 2, 2, 2
4_male_19, 36, 2, 2, 2
4_male_19, 36, 2, 47, 3
4_male_19, 36, 2, 72, 3
4_male_19, 36, 2, 102, 3
4_male_19, 36, 2, 127, 3
4_male_19, 36, 2, 147, 3
4_male_19, 36, 2, 172, 3
4_male_19, 36, 2, 192, 3
4_male_19, 46, 3, 200, 3
4_male_19, 46, 3, 1, 2
4_male_19, 46, 3, 2, 2
4_male_19, 46, 3, 42, 3
4_male_19, 46, 3, 82, 3
4_male_19, 46, 3, 102, 3
4_male_19, 46, 3, 122, 3
4_male_19, 46, 3, 142, 3
4_male_19, 46, 3, 182, 3
4_male_19, 46, 3, 200, 3
