9_male_27, 26, 1, 1, 1
9_male_27, 26, 1, 6, 2
9_male_27, 26, 1, 5, 1
9_male_27, 26, 1, 6, 2
9_male_27, 26, 1, 5, 1
9_male_27, 26, 1, 6, 2
9_male_27, 26, 1, 5, 2
9_male_27, 26, 1, 4, 1
9_male_27, 26, 1, 5, 2
9_male_27, 26, 1, 10, 3
9_male_27, 26, 1, 15, 3
9_male_27, 26, 1, 20, 3
9_male_27, 26, 1, 25, 3
9_male_27, 26, 1, 30, 3
9_male_27, 26, 1, 35, 3
9_male_27, 26, 1, 40, 3
9_male_27, 26, 1, 45, 3
9_male_27, 26, 1, 50, 3
9_male_27, 26, 1, 55, 3
9_male_27, 26, 1, 60, 3
9_male_27, 26, 1, 65, 3
9_male_27, 26, 1, 70, 3
9_male_27, 26, 1, 75, 3
9_male_27, 26, 1, 80, 3
9_male_27, 26, 1, 85, 3
9_male_27, 26, 1, 90, 3
9_male_27, 26, 1, 95, 3
9_male_27, 26, 1, 100, 3
9_male_27, 26, 1, 105, 3
9_male_27, 26, 1, 110, 3
9_male_27, 26, 1, 115, 3
9_male_27, 26, 1, 120, 3
9_male_27, 26, 1, 125, 3
9_male_27, 26, 1, 130, 3
9_male_27, 26, 1, 135, 3
9_male_27, 26, 1, 140, 3
9_male_27, 26, 1, 145, 3
9_male_27, 26, 1, 150, 3
9_male_27, 26, 1, 155, 3
9_male_27, 26, 1, 160, 3
9_male_27, 26, 1, 175, 3
9_male_27, 26, 1, 190, 3
9_male_27, 26, 1, 195, 3
9_male_27, 26, 1, 200, 3
9_male_27, 26, 1, 1, 1
9_male_27, 31, 3, 1, 1
9_male_27, 31, 3, 6, 1
9_male_27, 31, 3, 11, 2
9_male_27, 31, 3, 10, 2
9_male_27, 31, 3, 9, 2
9_male_27, 31, 3, 8, 2
9_male_27, 31, 3, 7, 2
9_male_27, 31, 3, 6, 2
9_male_27, 31, 3, 5, 2
9_male_27, 31, 3, 4, 2
9_male_27, 31, 3, 3, 1
9_male_27, 31, 3, 4, 2
9_male_27, 31, 3, 3, 2
9_male_27, 31, 3, 2, 1
9_male_27, 31, 3, 3, 2
9_male_27, 31, 3, 4, 2
9_male_27, 31, 3, 4, 2
9_male_27, 31, 3, 9, 3
9_male_27, 31, 3, 14, 3
9_male_27, 31, 3, 19, 3
9_male_27, 31, 3, 24, 3
9_male_27, 31, 3, 29, 3
9_male_27, 31, 3, 34, 3
9_male_27, 31, 3, 39, 3
9_male_27, 31, 3, 44, 3
9_male_27, 31, 3, 49, 3
9_male_27, 31, 3, 54, 3
9_male_27, 31, 3, 59, 3
9_male_27, 31, 3, 64, 3
9_male_27, 31, 3, 69, 3
9_male_27, 31, 3, 74, 3
9_male_27, 31, 3, 79, 3
9_male_27, 31, 3, 84, 3
9_male_27, 31, 3, 89, 3
9_male_27, 31, 3, 94, 3
9_male_27, 31, 3, 99, 3
9_male_27, 31, 3, 104, 3
9_male_27, 31, 3, 109, 3
9_male_27, 31, 3, 114, 3
9_male_27, 31, 3, 119, 3
9_male_27, 31, 3, 124, 3
9_male_27, 31, 3, 129, 3
9_male_27, 31, 3, 129, 3
9_male_27, 31, 3, 134, 3
9_male_27, 31, 3, 139, 3
9_male_27, 31, 3, 144, 3
9_male_27, 31, 3, 149, 3
9_male_27, 31, 3, 154, 3
9_male_27, 31, 3, 159, 3
9_male_27, 31, 3, 164, 3
9_male_27, 31, 3, 169, 3
9_male_27, 31, 3, 174, 3
9_male_27, 31, 3, 179, 3
9_male_27, 31, 3, 184, 3
9_male_27, 31, 3, 189, 3
9_male_27, 31, 3, 194, 3
9_male_27, 31, 3, 199, 3
9_male_27, 31, 3, 200, 3
9_male_27, 15, 6, 1, 1
9_male_27, 15, 6, 6, 1
9_male_27, 15, 6, 11, 1
9_male_27, 15, 6, 16, 1
9_male_27, 15, 6, 21, 1
9_male_27, 15, 6, 26, 2
9_male_27, 15, 6, 25, 2
9_male_27, 15, 6, 24, 2
9_male_27, 15, 6, 23, 2
9_male_27, 15, 6, 22, 1
9_male_27, 15, 6, 23, 2
9_male_27, 15, 6, 22, 1
9_male_27, 15, 6, 23, 2
9_male_27, 15, 6, 22, 2
9_male_27, 15, 6, 21, 1
9_male_27, 15, 6, 22, 2
9_male_27, 15, 6, 21, 1
9_male_27, 15, 6, 22, 2
9_male_27, 15, 6, 22, 2
9_male_27, 15, 6, 27, 3
9_male_27, 15, 6, 32, 3
9_male_27, 15, 6, 37, 3
9_male_27, 15, 6, 42, 3
9_male_27, 15, 6, 47, 3
9_male_27, 15, 6, 52, 3
9_male_27, 15, 6, 57, 3
9_male_27, 15, 6, 62, 3
9_male_27, 15, 6, 67, 3
9_male_27, 15, 6, 72, 3
9_male_27, 15, 6, 77, 3
9_male_27, 15, 6, 82, 3
9_male_27, 15, 6, 87, 3
9_male_27, 15, 6, 92, 3
9_male_27, 15, 6, 97, 3
9_male_27, 15, 6, 97, 3
9_male_27, 15, 6, 102, 3
9_male_27, 15, 6, 107, 3
9_male_27, 15, 6, 117, 3
9_male_27, 15, 6, 122, 3
9_male_27, 15, 6, 127, 3
9_male_27, 15, 6, 132, 3
9_male_27, 15, 6, 137, 3
9_male_27, 15, 6, 142, 3
9_male_27, 15, 6, 147, 3
9_male_27, 15, 6, 152, 3
9_male_27, 15, 6, 157, 3
9_male_27, 15, 6, 162, 3
9_male_27, 15, 6, 167, 3
9_male_27, 15, 6, 172, 3
9_male_27, 15, 6, 177, 3
9_male_27, 15, 6, 182, 3
9_male_27, 15, 6, 187, 3
9_male_27, 15, 6, 200, 3
9_male_27, 10, 5, 1, 1
9_male_27, 10, 5, 6, 1
9_male_27, 10, 5, 11, 1
9_male_27, 10, 5, 16, 1
9_male_27, 10, 5, 21, 1
9_male_27, 10, 5, 26, 1
9_male_27, 10, 5, 31, 1
9_male_27, 10, 5, 36, 1
9_male_27, 10, 5, 41, 1
9_male_27, 10, 5, 46, 1
9_male_27, 10, 5, 51, 1
9_male_27, 10, 5, 56, 1
9_male_27, 10, 5, 61, 1
9_male_27, 10, 5, 61, 2
9_male_27, 10, 5, 56, 2
9_male_27, 10, 5, 55, 2
9_male_27, 10, 5, 50, 2
9_male_27, 10, 5, 45, 2
9_male_27, 10, 5, 35, 2
9_male_27, 10, 5, 30, 2
9_male_27, 10, 5, 25, 1
9_male_27, 10, 5, 28, 1
9_male_27, 10, 5, 30, 1
9_male_27, 10, 5, 31, 1
9_male_27, 10, 5, 36, 2
9_male_27, 10, 5, 35, 2
9_male_27, 10, 5, 34, 2
9_male_27, 10, 5, 33, 2
9_male_27, 10, 5, 32, 2
9_male_27, 10, 5, 32, 2
9_male_27, 10, 5, 31, 2
9_male_27, 10, 5, 30, 1
9_male_27, 10, 5, 31, 2
9_male_27, 10, 5, 30, 1
9_male_27, 10, 5, 31, 2
9_male_27, 10, 5, 31, 1
9_male_27, 10, 5, 31, 2
9_male_27, 10, 5, 32, 2
9_male_27, 10, 5, 67, 3
9_male_27, 10, 5, 97, 3
9_male_27, 10, 5, 127, 3
9_male_27, 10, 5, 157, 3
9_male_27, 10, 5, 177, 3
9_male_27, 10, 5, 197, 3
9_male_27, 15, 4, 1, 1
9_male_27, 15, 4, 6, 1
9_male_27, 15, 4, 11, 4
9_male_27, 15, 4, 6, 4
9_male_27, 15, 4, 1, 4
9_male_27, 15, 4, 31, 4
9_male_27, 15, 4, 61, 4
9_male_27, 15, 4, 76, 4
9_male_27, 15, 4, 91, 4
9_male_27, 15, 4, 121, 4
9_male_27, 15, 4, 191, 4
9_male_27, 20, 2, 1, 1
9_male_27, 20, 2, 6, 1
9_male_27, 20, 2, 11, 2
9_male_27, 20, 2, 10, 2
9_male_27, 20, 2, 8, 2
9_male_27, 20, 2, 6, 2
9_male_27, 20, 2, 5, 2
9_male_27, 20, 2, 4, 2
9_male_27, 20, 2, 3, 1
9_male_27, 20, 2, 4, 2
9_male_27, 20, 2, 3, 1
9_male_27, 20, 2, 4, 2
9_male_27, 20, 2, 3, 1
9_male_27, 20, 2, 4, 2
9_male_27, 20, 2, 14, 3
9_male_27, 20, 2, 24, 3
9_male_27, 20, 2, 39, 3
9_male_27, 20, 2, 44, 3
9_male_27, 20, 2, 49, 3
9_male_27, 20, 2, 64, 3
9_male_27, 20, 2, 69, 3
9_male_27, 20, 2, 84, 3
9_male_27, 20, 2, 89, 3
9_male_27, 20, 2, 134, 3
9_male_27, 20, 2, 149, 3
9_male_27, 20, 2, 154, 3
9_male_27, 20, 2, 169, 3
9_male_27, 20, 2, 179, 3
9_male_27, 20, 2, 189, 3
9_male_27, 20, 2, 200, 3
