11_female_22, 32, 5, 1, 2
11_female_22, 32, 5, 6, 3
11_female_22, 32, 5, 11, 3
11_female_22, 32, 5, 16, 3
11_female_22, 32, 5, 21, 3
11_female_22, 32, 5, 26, 3
11_female_22, 32, 5, 31, 3
11_female_22, 32, 5, 36, 3
11_female_22, 32, 5, 41, 3
11_female_22, 32, 5, 46, 3
11_female_22, 32, 5, 51, 3
11_female_22, 32, 5, 56, 3
11_female_22, 32, 5, 61, 3
11_female_22, 32, 5, 66, 3
11_female_22, 32, 5, 71, 3
11_female_22, 32, 5, 76, 3
11_female_22, 32, 5, 81, 3
11_female_22, 32, 5, 86, 3
11_female_22, 32, 5, 91, 3
11_female_22, 32, 5, 96, 3
11_female_22, 32, 5, 101, 3
11_female_22, 32, 5, 106, 3
11_female_22, 32, 5, 111, 3
11_female_22, 32, 5, 116, 3
11_female_22, 32, 5, 121, 3
11_female_22, 32, 5, 126, 3
11_female_22, 32, 5, 131, 3
11_female_22, 32, 5, 136, 3
11_female_22, 32, 5, 141, 3
11_female_22, 32, 5, 146, 3
11_female_22, 32, 5, 151, 3
11_female_22, 32, 5, 156, 3
11_female_22, 32, 5, 161, 3
11_female_22, 32, 5, 166, 3
11_female_22, 32, 5, 171, 3
11_female_22, 32, 5, 176, 3
11_female_22, 32, 5, 181, 3
11_female_22, 32, 5, 186, 3
11_female_22, 32, 5, 191, 3
11_female_22, 32, 5, 196, 3
11_female_22, 32, 5, 200, 3
11_female_22, 32, 2, 1, 2
11_female_22, 32, 2, 1, 2
11_female_22, 32, 2, 1, 2
11_female_22, 32, 2, 1, 2
11_female_22, 32, 2, 11, 3
11_female_22, 32, 2, 16, 3
11_female_22, 32, 2, 21, 3
11_female_22, 32, 2, 26, 3
11_female_22, 32, 2, 31, 3
11_female_22, 32, 2, 36, 4
11_female_22, 39, 4, 1, 2
11_female_22, 39, 4, 1, 2
11_female_22, 39, 4, 1, 2
11_female_22, 39, 4, 1, 2
11_female_22, 39, 4, 11, 3
11_female_22, 39, 4, 16, 3
11_female_22, 39, 4, 21, 3
11_female_22, 39, 4, 26, 3
11_female_22, 39, 4, 31, 3
11_female_22, 39, 4, 36, 3
11_female_22, 39, 4, 41, 3
11_female_22, 39, 4, 46, 3
11_female_22, 39, 4, 51, 3
11_female_22, 39, 4, 56, 3
11_female_22, 39, 4, 61, 3
11_female_22, 39, 4, 66, 3
11_female_22, 39, 4, 71, 3
11_female_22, 39, 4, 76, 3
11_female_22, 39, 4, 81, 3
11_female_22, 39, 4, 86, 3
11_female_22, 39, 4, 91, 3
11_female_22, 39, 4, 101, 3
11_female_22, 39, 4, 106, 3
11_female_22, 39, 4, 111, 3
11_female_22, 39, 4, 116, 3
11_female_22, 39, 4, 121, 3
11_female_22, 39, 4, 141, 3
11_female_22, 39, 4, 146, 3
11_female_22, 39, 4, 151, 3
11_female_22, 39, 4, 156, 3
11_female_22, 39, 4, 161, 3
11_female_22, 39, 4, 166, 3
11_female_22, 39, 4, 176, 3
11_female_22, 39, 4, 181, 3
11_female_22, 39, 4, 186, 3
11_female_22, 39, 4, 191, 3
11_female_22, 39, 4, 196, 3
11_female_22, 39, 4, 200, 3
11_female_22, 39, 4, 200, 3
11_female_22, 10, 6, 1, 2
11_female_22, 10, 6, 1, 2
11_female_22, 10, 6, 1, 2
11_female_22, 10, 6, 21, 3
11_female_22, 10, 6, 31, 3
11_female_22, 10, 6, 36, 3
11_female_22, 10, 6, 51, 3
11_female_22, 10, 6, 66, 3
11_female_22, 10, 6, 71, 3
11_female_22, 10, 6, 76, 3
11_female_22, 10, 6, 81, 3
11_female_22, 10, 6, 86, 3
11_female_22, 10, 6, 101, 3
11_female_22, 10, 6, 106, 3
11_female_22, 10, 6, 111, 3
11_female_22, 10, 6, 116, 3
11_female_22, 10, 6, 121, 3
11_female_22, 10, 6, 126, 3
11_female_22, 10, 6, 146, 3
11_female_22, 10, 6, 151, 3
11_female_22, 10, 6, 171, 3
11_female_22, 10, 6, 181, 3
11_female_22, 10, 6, 196, 3
11_female_22, 10, 6, 200, 3
11_female_22, 60, 1, 1, 2
11_female_22, 60, 1, 1, 2
11_female_22, 60, 1, 1, 2
11_female_22, 60, 1, 1, 2
11_female_22, 60, 1, 6, 3
11_female_22, 60, 1, 11, 3
11_female_22, 60, 1, 16, 3
11_female_22, 60, 1, 21, 3
11_female_22, 60, 1, 26, 3
11_female_22, 60, 1, 31, 3
11_female_22, 60, 1, 36, 3
11_female_22, 60, 1, 41, 3
11_female_22, 60, 1, 51, 3
11_female_22, 60, 1, 51, 3
11_female_22, 60, 1, 56, 4
11_female_22, 25, 3, 1, 2
11_female_22, 25, 3, 1, 2
11_female_22, 25, 3, 1, 2
11_female_22, 25, 3, 6, 3
11_female_22, 25, 3, 11, 3
11_female_22, 25, 3, 16, 3
11_female_22, 25, 3, 21, 3
11_female_22, 25, 3, 31, 3
11_female_22, 25, 3, 41, 3
11_female_22, 25, 3, 51, 3
11_female_22, 25, 3, 61, 3
11_female_22, 25, 3, 66, 3
11_female_22, 25, 3, 76, 3
11_female_22, 25, 3, 86, 3
11_female_22, 25, 3, 96, 3
11_female_22, 25, 3, 106, 3
11_female_22, 25, 3, 116, 3
11_female_22, 25, 3, 126, 3
11_female_22, 25, 3, 136, 3
11_female_22, 25, 3, 146, 3
11_female_22, 25, 3, 156, 3
11_female_22, 25, 3, 166, 3
11_female_22, 25, 3, 171, 3
11_female_22, 25, 3, 176, 3
11_female_22, 25, 3, 181, 3
11_female_22, 25, 3, 186, 3
11_female_22, 25, 3, 196, 3
11_female_22, 25, 3, 200, 3
