20_male_24, 33, 6, 1, 1
20_male_24, 33, 6, 6, 2
20_male_24, 33, 6, 5, 2
20_male_24, 33, 6, 4, 2
20_male_24, 33, 6, 3, 2
20_male_24, 33, 6, 2, 1
20_male_24, 33, 6, 3, 2
20_male_24, 33, 6, 2, 2
20_male_24, 33, 6, 3, 2
20_male_24, 33, 6, 2, 1
20_male_24, 33, 6, 3, 2
20_male_24, 33, 6, 8, 3
20_male_24, 33, 6, 13, 3
20_male_24, 33, 6, 18, 3
20_male_24, 33, 6, 23, 3
20_male_24, 33, 6, 28, 3
20_male_24, 33, 6, 33, 3
20_male_24, 33, 6, 38, 3
20_male_24, 33, 6, 43, 3
20_male_24, 33, 6, 48, 3
20_male_24, 33, 6, 53, 4
20_male_24, 25, 3, 1, 1
20_male_24, 25, 3, 6, 2
20_male_24, 25, 3, 5, 2
20_male_24, 25, 3, 4, 2
20_male_24, 25, 3, 3, 2
20_male_24, 25, 3, 2, 1
20_male_24, 25, 3, 3, 2
20_male_24, 25, 3, 2, 1
20_male_24, 25, 3, 3, 2
20_male_24, 25, 3, 8, 3
20_male_24, 25, 3, 13, 3
20_male_24, 25, 3, 18, 3
20_male_24, 25, 3, 23, 3
20_male_24, 25, 3, 28, 3
20_male_24, 25, 3, 33, 3
20_male_24, 25, 3, 38, 4
20_male_24, 20, 5, 1, 1
20_male_24, 20, 5, 6, 2
20_male_24, 20, 5, 5, 1
20_male_24, 20, 5, 6, 2
20_male_24, 20, 5, 5, 1
20_male_24, 20, 5, 6, 2
20_male_24, 20, 5, 11, 3
20_male_24, 20, 5, 16, 3
20_male_24, 20, 5, 21, 3
20_male_24, 20, 5, 26, 3
20_male_24, 20, 5, 31, 3
20_male_24, 20, 5, 36, 3
20_male_24, 20, 5, 41, 3
20_male_24, 20, 5, 46, 3
20_male_24, 20, 5, 51, 3
20_male_24, 20, 5, 51, 3
20_male_24, 20, 5, 56, 4
20_male_24, 10, 1, 1, 1
20_male_24, 10, 1, 6, 2
20_male_24, 10, 1, 5, 2
20_male_24, 10, 1, 4, 1
20_male_24, 10, 1, 5, 2
20_male_24, 10, 1, 4, 1
20_male_24, 10, 1, 5, 2
20_male_24, 10, 1, 4, 1
20_male_24, 10, 1, 9, 3
20_male_24, 10, 1, 14, 3
20_male_24, 10, 1, 19, 3
20_male_24, 10, 1, 24, 3
20_male_24, 10, 1, 29, 3
20_male_24, 10, 1, 34, 3
20_male_24, 10, 1, 39, 3
20_male_24, 10, 1, 44, 4
20_male_24, 25, 4, 1, 1
20_male_24, 25, 4, 1, 1
20_male_24, 25, 4, 1, 1
20_male_24, 25, 4, 6, 2
20_male_24, 25, 4, 5, 2
20_male_24, 25, 4, 4, 2
20_male_24, 25, 4, 4, 2
20_male_24, 25, 4, 3, 1
20_male_24, 25, 4, 4, 2
20_male_24, 25, 4, 3, 1
20_male_24, 25, 4, 4, 2
20_male_24, 25, 4, 4, 2
20_male_24, 25, 4, 9, 3
20_male_24, 25, 4, 14, 3
20_male_24, 25, 4, 19, 3
20_male_24, 25, 4, 24, 3
20_male_24, 25, 4, 29, 3
20_male_24, 25, 4, 34, 3
20_male_24, 25, 4, 39, 3
20_male_24, 25, 4, 44, 3
20_male_24, 25, 4, 49, 3
20_male_24, 25, 4, 54, 4
20_male_24, 16, 2, 1, 1
20_male_24, 16, 2, 6, 2
20_male_24, 16, 2, 5, 2
20_male_24, 16, 2, 4, 2
20_male_24, 16, 2, 3, 2
20_male_24, 16, 2, 2, 1
20_male_24, 16, 2, 3, 2
20_male_24, 16, 2, 2, 1
20_male_24, 16, 2, 3, 2
20_male_24, 16, 2, 3, 2
20_male_24, 16, 2, 3, 2
20_male_24, 16, 2, 2, 1
20_male_24, 16, 2, 3, 2
20_male_24, 16, 2, 8, 3
20_male_24, 16, 2, 13, 3
20_male_24, 16, 2, 18, 3
20_male_24, 16, 2, 23, 3
20_male_24, 16, 2, 28, 3
20_male_24, 16, 2, 33, 3
20_male_24, 16, 2, 38, 4
