8_female_22, 26, 5, 1, 1
8_female_22, 26, 5, 6, 1
8_female_22, 26, 5, 11, 1
8_female_22, 26, 5, 16, 1
8_female_22, 26, 5, 21, 2
8_female_22, 26, 5, 20, 2
8_female_22, 26, 5, 19, 2
8_female_22, 26, 5, 18, 2
8_female_22, 26, 5, 17, 2
8_female_22, 26, 5, 16, 1
8_female_22, 26, 5, 17, 2
8_female_22, 26, 5, 16, 2
8_female_22, 26, 5, 15, 2
8_female_22, 26, 5, 14, 2
8_female_22, 26, 5, 13, 1
8_female_22, 26, 5, 14, 1
8_female_22, 26, 5, 15, 2
8_female_22, 26, 5, 20, 3
8_female_22, 26, 5, 25, 3
8_female_22, 26, 5, 30, 3
8_female_22, 26, 5, 35, 3
8_female_22, 26, 5, 40, 3
8_female_22, 26, 5, 50, 3
8_female_22, 26, 5, 60, 3
8_female_22, 26, 5, 55, 3
8_female_22, 26, 5, 60, 3
8_female_22, 26, 5, 65, 3
8_female_22, 26, 5, 65, 4
8_female_22, 32, 4, 1, 1
8_female_22, 32, 4, 6, 1
8_female_22, 32, 4, 11, 2
8_female_22, 32, 4, 10, 2
8_female_22, 32, 4, 9, 1
8_female_22, 32, 4, 10, 1
8_female_22, 32, 4, 11, 1
8_female_22, 32, 4, 12, 2
8_female_22, 32, 4, 11, 2
8_female_22, 32, 4, 10, 2
8_female_22, 32, 4, 9, 2
8_female_22, 32, 4, 8, 1
8_female_22, 32, 4, 9, 2
8_female_22, 32, 4, 8, 1
8_female_22, 32, 4, 13, 3
8_female_22, 32, 4, 18, 3
8_female_22, 32, 4, 23, 3
8_female_22, 32, 4, 28, 3
8_female_22, 32, 4, 33, 3
8_female_22, 32, 4, 43, 3
8_female_22, 32, 4, 53, 3
8_female_22, 32, 4, 58, 3
8_female_22, 32, 4, 68, 4
8_female_22, 32, 4, 63, 4
8_female_22, 10, 2, 1, 1
8_female_22, 10, 2, 6, 2
8_female_22, 10, 2, 5, 2
8_female_22, 10, 2, 4, 2
8_female_22, 10, 2, 3, 1
8_female_22, 10, 2, 4, 2
8_female_22, 10, 2, 3, 2
8_female_22, 10, 2, 2, 2
8_female_22, 10, 2, 2, 2
8_female_22, 10, 2, 1, 1
8_female_22, 10, 2, 2, 2
8_female_22, 10, 2, 3, 1
8_female_22, 10, 2, 4, 2
8_female_22, 10, 2, 3, 2
8_female_22, 10, 2, 2, 1
8_female_22, 10, 2, 3, 2
8_female_22, 10, 2, 8, 3
8_female_22, 10, 2, 13, 3
8_female_22, 10, 2, 23, 4
8_female_22, 10, 2, 23, 4
8_female_22, 10, 1, 1, 1
8_female_22, 10, 1, 6, 1
8_female_22, 10, 1, 11, 1
8_female_22, 10, 1, 16, 2
8_female_22, 10, 1, 15, 2
8_female_22, 10, 1, 14, 2
8_female_22, 10, 1, 4, 4
8_female_22, 20, 3, 1, 1
8_female_22, 20, 3, 6, 2
8_female_22, 20, 3, 5, 2
8_female_22, 20, 3, 4, 1
8_female_22, 20, 3, 5, 2
8_female_22, 20, 3, 4, 1
8_female_22, 20, 3, 5, 2
8_female_22, 20, 3, 5, 3
8_female_22, 20, 3, 10, 3
8_female_22, 20, 3, 15, 3
8_female_22, 20, 3, 20, 3
8_female_22, 20, 3, 25, 4
8_female_22, 32, 6, 1, 1
8_female_22, 32, 6, 6, 2
8_female_22, 32, 6, 5, 2
8_female_22, 32, 6, 4, 2
8_female_22, 32, 6, 3, 2
8_female_22, 32, 6, 2, 2
8_female_22, 32, 6, 1, 1
8_female_22, 32, 6, 2, 2
8_female_22, 32, 6, 2, 2
8_female_22, 32, 6, 1, 2
8_female_22, 32, 6, 1, 2
8_female_22, 32, 6, 6, 3
8_female_22, 32, 6, 11, 3
8_female_22, 32, 6, 16, 3
8_female_22, 32, 6, 21, 3
8_female_22, 32, 6, 26, 3
8_female_22, 32, 6, 31, 3
8_female_22, 32, 6, 36, 3
8_female_22, 32, 6, 41, 3
8_female_22, 32, 6, 51, 4
8_female_22, 32, 6, 51, 4
